Run semi-empirical minimization
 &qmmm
    qm_theory='AM1', grms_tol=0.0005,
 scfconv=1.d-10, ndiis_attempts=700,   qmcharge=1,
 /
   6    C1       10.0830       18.5170       15.6640 
   6    C2        8.9300       19.8610       13.1940 
   6    C3       10.8340       19.3870       14.7730 
   6    C4       10.2670       20.0350       13.5800 
   6    C5        8.6820       18.3840       15.1820 
   6    C6        8.1210       19.0310       13.9920 
   7    N1       10.6670       17.8640       16.8820 
   6    C7        8.4010       20.5560       11.9970 
   6    C8        8.4230       21.6350        9.9940 
   6    C9        7.0960       21.5470       10.4960 
   6   C10        5.9510       22.1100        9.7540 
   6   C11        6.2590       22.7650        8.4860 
   6   C12        7.6150       22.8450        8.0050 
   6   C13        8.6960       22.2890        8.7350 
   7    N2        9.2140       20.9880       10.9860 
   7    N3        7.1310       20.8950       11.6950 
   6   C14        7.8690       23.5140        6.7530 
   6   C15        8.8380       24.1150        4.7620 
   6   C16        7.6830       24.9040        5.0530 
   6   C17        7.2060       25.9580        4.1670 
   6   C18        7.9830       26.1640        2.9600 
   6   C19        9.1740       25.3530        2.6560 
   7    N4        8.9260       23.2340        5.8760 
   7    N5        7.1910       24.4870        6.2190 
   6   C20        9.6100       24.3320        3.5400 
   7    N6        9.9730       25.5480        1.4380 
   7    N7       11.5810       26.2340       -1.0190 
   6   C21       11.4950       25.4150        1.2490 
   6   C22       11.9420       24.9480       -0.1850 
   6   C23       10.1970       26.7970       -0.7220 
   6   C24        9.2390       25.7710        0.0390 
   6   C25       11.9330       25.2170       -2.1640 
   6   C26       10.2440       16.9300       18.0190 
   6   C27       11.9810       17.8150       17.4680 
   1    H1       11.8760       19.5920       14.9700 
   1    H2       10.9210       20.6640       12.9940 
   1    H3        7.9810       17.7670       15.7240 
   1    H4        7.0860       18.8700       13.7280 
   1    H5        4.9520       22.0240       10.1560 
   1    H6        5.4650       23.1980        7.8950 
   1    H7        9.7090       22.3480        8.3660 
   1    H8       10.2090       20.8230       11.0330 
   1    H9        6.3260       26.5260        4.4290 
   1   H10        7.6930       26.9290        2.2550 
   1   H11        9.5860       22.5030        6.0980 
   1   H12       10.4800       23.7250        3.3360 
   1   H13       12.2940       26.9440       -0.9260 
   1   H14       11.8920       24.7250        1.9930 
   1   H15       11.9720       26.3660        1.4840 
   1   H16       13.0230       24.8110       -0.1930 
   1   H17       11.3040       24.1250       -0.5060 
   1   H18        9.7260       27.1090       -1.6540 
   1   H19       10.2960       27.7070       -0.1300 
   1   H20        8.2710       26.2420        0.2110 
   1   H21        9.2130       24.8290       -0.5080 
   1   H22       11.8200       25.7050       -3.1320 
   1   H23       12.9630       24.8790       -2.0460 
   1   H24       11.2610       24.3600       -2.1090 
   1   H25       11.0930       16.7540       18.6800 
   1   H26        9.4330       17.3890       18.5840 
   1   H27        9.9050       15.9810       17.6030 
   1   H28       11.9530       17.2100       18.3740 
   1   H29       12.6800       17.3720       16.7580 
   1   H30       12.3070       18.8250       17.7160 

