Run semi-empirical minimization
 &qmmm
    qm_theory='AM1', grms_tol=0.0005,
 scfconv=1.d-10, ndiis_attempts=700,   qmcharge=0,
 /
   6    C1       34.0880       45.2810       30.0910 
   6    C2       34.7920       45.1410       31.2860 
   6    C3       32.7800       45.7330       30.1240 
   6    C4       32.2210       46.0910       31.3480 
   6    C5       32.9790       45.9900       32.5340 
   6    C6       32.3950       46.4200       33.7530 
   6    C7       31.0680       46.9000       33.7380 
   6    C8       30.9070       46.5460       31.3640 
   6    C9       40.8410       42.1080       30.9590 
   6   C10       41.7100       43.2610       35.8600 
   6   C11       32.4800       46.7520       36.0920 
   6   C12       36.1880       44.5660       31.2450 
   6   C13       30.3310       46.9500       32.5570 
   6   C14       30.4550       47.3080       34.9210 
   6   C15       31.1700       47.2330       36.1070 
   6   C16       33.2250       46.6270       37.4020 
   6   C17       42.3490       42.4210       34.9530 
   6   C18       35.4150       45.8800       38.4030 
   6   C19       36.5190       45.0680       38.1640 
   6   C20       37.4510       44.8600       39.1810 
   6   C21       37.2380       45.4140       40.4540 
   6   C22       35.2630       46.4330       39.6800 
   6   C23       38.5960       44.0990       38.9370 
   6   C24       41.7990       42.2080       33.6920 
   6   C25       38.2080       45.2410       41.4500 
   6   C26       39.5470       43.9180       39.9400 
   6   C27       39.3570       44.4970       41.1930 
   6   C28       40.5050       43.8700       35.5150 
   6   C29       38.0890       43.8770       32.7400 
   6   C30       38.7690       43.0410       31.8510 
   6   C31       38.6880       44.1860       33.9550 
   6   C32       39.9260       43.6260       34.2680 
   6   C33       40.5830       42.8070       33.3350 
   6   C34       35.5530       46.2110       42.0950 
   7    N1       34.2470       45.4800       32.4900 
   7    N2       36.7850       44.4040       32.4460 
   7    N3       36.0640       46.0700       40.7240 
   7    N4       34.4830       46.1320       37.3350 
   7    N5       33.0830       46.3580       34.9360 
   7    N6       40.0450       42.6200       32.0850 
   8    O1       32.7250       46.9460       38.4630 
   8    O2       36.7420       44.2400       30.2140 
   1    H1       34.5640       45.0380       29.1520 
   1    H2       32.2100       45.8030       29.2090 
   1    H3       30.3370       46.5840       30.4470 
   1    H4       41.8290       41.8160       31.3150 
   1    H5       40.3420       41.2420       30.5240 
   1    H6       40.9430       42.8860       30.2020 
   1    H7       42.1480       43.4410       36.8310 
   1    H8       29.3110       47.3040       32.5720 
   1    H9       29.4390       47.6750       34.9040 
   1   H10       30.7200       47.5440       37.0380 
   1   H11       43.2730       41.9330       35.2270 
   1   H12       36.6490       44.6050       37.1970 
   1   H13       34.4940       47.1700       39.8610 
   1   H14       38.7480       43.6480       37.9680 
   1   H15       42.3100       41.5770       32.9800 
   1   H16       38.0670       45.6860       42.4240 
   1   H17       40.4310       43.3290       39.7460 
   1   H18       40.1010       44.3690       41.9650 
   1   H19       40.0160       44.5330       36.2130 
   1   H20       38.2850       42.7080       30.9450 
   1   H21       38.1950       44.8540       34.6460 
   1   H22       34.6130       46.7630       42.0780 
   1   H23       35.3860       45.2230       42.5240 
   1   H24       36.2800       46.7520       42.7010 
   1   H25       36.3000       44.6710       33.2910 
   1   H26       34.8820       45.8860       36.4400 

