Run semi-empirical minimization
 &qmmm
    qm_theory='AM1', grms_tol=0.0005,
 scfconv=1.d-10, ndiis_attempts=700,   qmcharge=0,
 /
   6    C1       -2.8490        6.9480        5.8420 
   6    C2       -4.1050        7.4520        5.1290 
   7    N1       -4.5380        6.4760        4.1040 
   6    C3       -4.0520        6.5710        2.7940 
   6    C4       -4.4620        5.6510        1.8330 
   6    C5       -5.4360        5.4540        4.4450 
   6    C6       -5.8410        4.5380        3.4790 
   6    C7       -5.3560        4.6360        2.1750 
   6    C8       -5.7630        3.7180        1.2130 
   6    C9       -5.3920        2.3800        1.3250 
   6   C10       -5.8000        1.4600        0.3610 
   6   C11       -6.5440        4.1370        0.1370 
   6   C12       -6.9520        3.2180       -0.8280 
   6   C13       -6.5810        1.8790       -0.7160 
   7    N2       -6.9710        1.0000       -1.6380 
   6   C14       -7.9540        0.1550       -1.3280 
   6   C15       -7.6600       -1.1700       -1.0090 
   6   C16       -8.6890       -2.0530       -0.6850 
   6   C17       -9.2770        0.5960       -1.3240 
   6   C18      -10.3050       -0.2870       -1.0000 
   6   C19      -10.0110       -1.6120       -0.6810 
   6   C20      -11.0390       -2.4910       -0.3590 
   6   C21      -11.6110       -2.4560        0.9120 
   6   C22      -12.6400       -3.3340        1.2380 
   6   C23      -11.4930       -3.4060       -1.3080 
   6   C24      -12.5220       -4.2880       -0.9900 
   7    N3      -13.0990       -4.2550        0.2860 
   6   C25      -14.1940       -5.1900        0.6280 
   6   C26      -15.5510       -4.5120        0.4280 
   6   C27       -6.3670        0.8630       -2.8190 
   6   C28       -5.0200        0.5040       -2.8750 
   6   C29       -4.3880        0.3600       -4.1080 
   6   C30       -7.0790        1.0770       -3.9990 
   6   C31       -6.4450        0.9320       -5.2320 
   6   C32       -5.1000        0.5740       -5.2860 
   6   C33       -4.4670        0.4300       -6.5150 
   6   C34       -4.7090       -0.7020       -7.2920 
   6   C35       -4.0760       -0.8500       -8.5240 
   6   C36       -3.5920        1.4180       -6.9650 
   6   C37       -2.9560        1.2770       -8.1950 
   7    N4       -3.1960        0.1410       -8.9790 
   6   C38       -2.5210       -0.0120      -10.2880 
   6   C39       -3.3650        0.6240      -11.3950 
   1    H1       -2.5410        7.6750        6.5930 
   1    H2       -3.0630        5.9950        6.3250 
   1    H3       -2.0470        6.8150        5.1160 
   1    H4       -3.8930        8.4090        4.6520 
   1    H5       -4.9040        7.5930        5.8570 
   1    H6       -3.3600        7.3570        2.5300 
   1    H7       -4.0880        5.7230        0.8220 
   1    H8       -5.8110        5.3800        5.4550 
   1    H9       -6.5320        3.7500        3.7390 
   1   H10       -4.7880        2.0550        2.1590 
   1   H11       -5.5110        0.4230        0.4480 
   1   H12       -6.8330        5.1740        0.0510 
   1   H13       -7.5560        3.5430       -1.6630 
   1   H14       -6.6360       -1.5120       -1.0130 
   1   H15       -8.4620       -3.0790       -0.4370 
   1   H16       -9.5050        1.6220       -1.5720 
   1   H17      -11.3290        0.0550       -0.9960 
   1   H18      -11.2550       -1.7470        1.6450 
   1   H19      -13.0830       -3.3050        2.2230 
   1   H20      -11.0460       -3.4310       -2.2910 
   1   H21      -12.8740       -4.9950       -1.7260 
   1   H22      -14.0940       -5.5020        1.6680 
   1   H23      -14.1310       -6.0720       -0.0100 
   1   H24      -16.3480       -5.2110        0.6830 
   1   H25      -15.6180       -3.6350        1.0710 
   1   H26      -15.6550       -4.2070       -0.6130 
   1   H27       -4.4670        0.3380       -1.9620 
   1   H28       -3.3450        0.0820       -4.1510 
   1   H29       -8.1220        1.3550       -3.9580 
   1   H30       -6.9970        1.0970       -6.1460 
   1   H31       -5.3870       -1.4640       -6.9390 
   1   H32       -4.2640       -1.7270       -9.1260 
   1   H33       -3.4080        2.2930       -6.3590 
   1   H34       -2.2790        2.0430       -8.5440 
   1   H35       -2.3800       -1.0710      -10.5020 
   1   H36       -1.5450        0.4720      -10.2520 
   1   H37       -2.8580        0.5050      -12.3530 
   1   H38       -4.3380        0.1360      -11.4370 
   1   H39       -3.5000        1.6850      -11.1850 

