Run semi-empirical minimization
 &qmmm
    qm_theory='AM1', grms_tol=0.0005,
 scfconv=1.d-10, ndiis_attempts=700,   qmcharge=2,
 /
   6    C1       12.3930       16.8960       85.4860 
   7    N1       13.6800       16.9250       85.6670 
   7    N2       11.6060       16.6400       86.5430 
   7    N3       11.8410       17.0730       84.3090 
   6    C2       12.2970       17.4860       83.0580 
   6    C3       11.0050       17.7950       82.2490 
   8    O1       10.1230       16.9210       82.2820 
   7    N4       10.9740       18.9340       81.6140 
   6    C4        9.9300       19.4990       80.8450 
   6    C5       10.1790       20.4530       79.9150 
   6    C6        8.9890       20.8320       79.3460 
   7    N5        8.0190       20.1060       79.9620 
   6    C7        6.5560       20.0810       79.7740 
   6    C8        8.5990       19.2890       80.9180 
   6    C9        8.7040       21.7850       78.2500 
   8    O2        7.5600       22.2140       77.9950 
   7    N6        9.6930       22.2270       77.4470 
   6   C10        9.4250       23.1260       76.3300 
   6   C11       10.3860       23.4850       75.3670 
   6   C12        9.7950       24.2900       74.4040 
   7    N7        8.4390       24.4090       74.8790 
   6   C13        7.4170       25.2100       74.2230 
   6   C14        8.2560       23.7160       75.9890 
   6   C15       10.1080       25.0450       73.2340 
   8    O3        9.4530       26.0930       72.9390 
   7    N8       11.0990       24.7810       72.3570 
   6   C16       11.1550       25.7210       71.1470 
   6   C17       12.4220       25.9240       70.4510 
   6   C18       13.0560       24.6820       69.8430 
   7    N9       14.2030       24.7680       69.1740 
   7   N10       12.4850       23.5220       70.0030 
   1    H1       14.2950       17.1150       84.8890 
   1    H2       14.0650       16.7570       86.5860 
   1    H3       10.6030       16.6120       86.4300 
   1    H4       12.0170       16.4760       87.4510 
   1    H5       10.8550       16.8930       84.1810 
   1    H6       12.8350       16.6660       82.5810 
   1    H7       12.8800       18.4000       83.1700 
   1    H8       11.7770       19.5460       81.6350 
   1    H9       11.1920       20.7820       79.7370 
   1   H10        6.1130       19.3600       80.4620 
   1   H11        6.1470       21.0710       79.9730 
   1   H12        6.3260       19.7930       78.7480 
   1   H13        8.2020       18.5860       81.6360 
   1   H14       10.6460       21.9360       77.6120 
   1   H15       11.4020       23.1310       75.4600 
   1   H16        6.4820       25.1330       74.7780 
   1   H17        7.7350       26.2520       74.1920 
   1   H18        7.2670       24.8460       73.2060 
   1   H19        7.3790       23.5720       76.6030 
   1   H20       11.7320       24.0120       72.5260 
   1   H21       10.7480       26.6910       71.4320 
   1   H22       10.3990       25.4150       70.4240 
   1   H23       13.1330       26.3950       71.1290 
   1   H24       12.2890       26.6770       69.6740 
   1   H25       14.6170       23.9390       68.7730 
   1   H26       14.6590       25.6630       69.0670 
   1   H27       12.9020       22.6940       69.6010 
   1   H28       11.6260       23.4500       70.5290 

