Run semi-empirical minimization
 &qmmm
    qm_theory='AM1', grms_tol=0.0005,
 scfconv=1.d-10, ndiis_attempts=700,   qmcharge=1,
 /
   6    C1       -6.1350       -3.5530       13.6850 
   6    C2       -7.1370       -4.2610       14.3380 
   6    C3       -8.4590       -3.8410       14.2440 
   6    C4       -8.7790       -2.7140       13.4960 
   6    C5       -7.7770       -2.0070       12.8430 
   6    C6       -6.4550       -2.4270       12.9370 
   6    C7       -5.4510       -1.7100       12.2950 
   6    C8       -5.6410       -1.8050       10.7800 
   6    C9       -5.7810       -3.2730       10.3730 
   8    O1       -6.9410       -3.7280       10.2750 
   8    O2       -4.7240       -3.9080       10.1690 
   7    N1       -4.4790       -1.2160       10.1010 
   6   C10       -4.2950        0.1110       10.0570 
   8    O3       -5.1120        0.9330       10.4700 
   6   C11       -3.0930        0.5200        9.4920 
   6   C12       -1.8990        0.3270       10.1790 
   6   C13       -0.7060        0.7930        9.6410 
  17   Cl1        0.7810        0.4990       10.4640 
   6   C14       -0.7060        1.4850        8.4350 
   6   C15        0.4560        2.1240        8.0160 
   6   C16        0.1550        3.0170        6.8250 
   6   C17        1.4660        3.4560        6.1690 
   8    O4       -0.6350        2.2870        5.8760 
   6   C18       -1.8720        2.0740        6.3990 
   8    O5       -2.9190        2.2630        5.7820 
   6   C19       -1.8910        1.6170        7.7120 
   6   C20       -3.0810        1.1420        8.2510 
   8    O6       -3.9500        0.6090        7.3500 
   1    H1       -5.1080       -3.8780       13.7590 
   1    H2       -6.8890       -5.1370       14.9180 
   1    H3       -9.2380       -4.3900       14.7520 
   1    H4       -9.8060       -2.3880       13.4230 
   1    H5       -8.0250       -1.1310       12.2620 
   1    H6       -4.4790       -2.1240       12.5660 
   1    H7       -5.4980       -0.6650       12.6020 
   1    H8       -6.5420       -1.2620       10.4930 
   1    H9       -3.8110       -1.8330        9.6620 
   1   H10       -1.9000       -0.1850       11.1300 
   1   H11        1.1980        1.3780        7.7320 
   1   H12        0.8520        2.7280        8.8320 
   1   H13       -0.3970        3.8960        7.1590 
   1   H14        1.2480        4.0970        5.3140 
   1   H15        2.0680        4.0070        6.8920 
   1   H16        2.0170        2.5780        5.8330 
   1   H17       -3.8850        1.0880        6.5210 

