Run semi-empirical minimization
 &qmmm
    qm_theory='AM1', grms_tol=0.0005,
 scfconv=1.d-10, ndiis_attempts=700,   qmcharge=4,
 /
   7    N1       28.9370       25.6680        1.2120 
   6    C1       29.2540       26.5750        2.3740 
   6    C2       28.0460       27.3920        2.7340 
   6    C3       27.5350       28.8010        2.4780 
   7    N2       27.7950       30.1350        1.9830 
   6    C4       28.0000       29.5950        0.5580 
   6    C5       26.8990       28.5750        0.0800 
   6    C6       25.9610       29.8030       -0.0180 
   6    C7       24.5930       30.0740       -0.6590 
   7    N3       23.5860       29.8470        0.3580 
   6    C8       24.1630       29.5500        1.7740 
   6    C9       22.7680       29.5450        2.4900 
   6   C10       22.2870       30.6620        3.0420 
   7    N4       22.7230       31.7740        2.5850 
   1    H1       29.7540       25.1230        0.9770 
   1    H2       28.1810       25.0480        1.4650 
   1    H3       28.6630       26.2240        0.4150 
   1    H4       30.0740       27.2400        2.1030 
   1    H5       29.5550       25.9740        3.2320 
   1    H6       27.8470       27.1860        3.7860 
   1    H7       27.1880       26.7330        2.6040 
   1    H8       26.8870       28.9830        3.3350 
   1    H9       26.4970       28.6340        2.1890 
   1   H10       28.6950       30.4270        2.3370 
   1   H11       26.9240       30.6470        1.9990 
   1   H12       28.9820       29.1260        0.4870 
   1   H13       28.0470       30.4300       -0.1410 
   1   H14       26.5890       28.0080        0.9580 
   1   H15       27.1540       28.2880       -0.9400 
   1   H16       26.5930       30.6570       -0.2620 
   1   H17       25.9330       30.2520        0.9750 
   1   H18       24.4360       29.3810       -1.4860 
   1   H19       24.5470       31.1110       -0.9900 
   1   H20       22.9890       29.0840        0.0730 
   1   H21       22.9740       30.6490        0.4070 
   1   H22       24.7210       30.4240        2.1100 
   1   H23       24.5580       28.5340        1.7800 
   1   H24       22.7560       28.7500        3.2350 
   1   H25       22.0220       29.1390        1.8070 
   1   H26       22.4510       30.6280        4.1190 
   1   H27       21.1990       30.6520        2.9810 
   1   H28       22.2860       32.5370        3.0820 
   1   H29       23.7240       31.8210        2.7110 
   1   H30       22.5040       31.8430        1.6010 

