Run semi-empirical minimization
 &qmmm
    qm_theory='AM1', grms_tol=0.0005,
 scfconv=1.d-10, ndiis_attempts=700,   qmcharge=0,
 /
   6    C1       -2.4680        6.2940       -0.6910 
   6    C2       -2.5250        6.0530        1.7000 
   6    C3       -1.8790        6.1590        2.9290 
   6    C4       -2.3770        6.5460       -3.0970 
   6    C5       -0.2540        6.6510       -4.1410 
   6    C6       -0.5380        6.5230        2.9760 
   6    C7        0.2200        5.8360        1.8400 
   6    C8       -4.0000        6.0080        4.0530 
   8    O1       -4.7890        5.9500        5.1600 
   6    C9       -4.0060        6.0400        6.3550 
   6   C10       -2.6160        6.1240        4.1090 
   7    N1       -0.4600        6.0950        0.5510 
   6   C11        0.2930        6.2440       -0.6210 
   6   C12       -0.3530        6.4100       -1.8400 
   6   C13        0.3530        6.5290       -2.9640 
   8    O2        1.7010        6.4710       -3.1220 
   6   C14        1.9500        6.6840       -4.5230 
   8    O3        0.6560        6.6750       -5.1500 
   6   C15       -1.5830        6.6580       -4.2310 
   6   C16       -1.7420        6.4240       -1.8680 
   6   C17       -1.8000        6.1250        0.5170 
   6   C18       -3.9110        5.9390        1.6470 
   6   C19       -4.6460        5.9290        2.8260 
   8    O4       -6.0070        5.9460        2.8460 
   6   C20       -6.5350        5.8560        1.5200 
   1    H1       -3.5470        6.3240       -0.7160 
   1    H2       -3.4530        6.5560       -3.1880 
   1    H3       -0.1130        6.2190        3.9320 
   1    H4       -0.4510        7.6040        2.8690 
   1    H5        0.2540        4.7620        2.0230 
   1    H6        1.2380        6.2220        1.7970 
   1    H7       -4.6620        5.9910        7.2240 
   1    H8       -3.2970        5.2130        6.3880 
   1    H9       -3.4620        6.9850        6.3630 
   1   H10       -2.1120        6.1870        5.0620 
   1   H11        1.3720        6.2300       -0.5750 
   1   H12        2.5470        5.8600       -4.9140 
   1   H13        2.4130        7.6600       -4.6640 
   1   H14       -2.0420        6.7530       -5.2040 
   1   H15       -4.4100        5.8590        0.6930 
   1   H16       -7.6240        5.8710        1.5600 
   1   H17       -6.1820        6.7010        0.9300 
   1   H18       -6.2020        4.9260        1.0580 

