Run semi-empirical minimization
 &qmmm
    qm_theory='AM1', grms_tol=0.0005,
 scfconv=1.d-10, ndiis_attempts=700,   qmcharge=0,
 /
   6    C1       13.8420       -7.4480       -6.1540 
   6    C2       14.8130       -6.4910       -6.4330 
   7    N1       14.4930       -5.3760       -7.2060 
   6    C3       15.5250       -4.3560       -7.5030 
   6    C4       13.1970       -5.2230       -7.6990 
   6    C5       12.2280       -6.1810       -7.4200 
   6    C6       12.5360       -7.3030       -6.6460 
   6    C7       11.5910       -8.2760       -6.3420 
   6    C8       11.9320       -9.7530       -6.1200 
   6    C9       11.1110      -10.6300       -5.4170 
   6   C10        9.7960      -10.7930       -5.8300 
   6   C11       11.5510      -11.3420       -4.3250 
   6   C12       10.6780      -12.1950       -3.6720 
   6   C13        9.4150      -12.3240       -4.1020 
   7    N2        8.4050      -13.0640       -3.6530 
   6   C14        8.9770      -11.6290       -5.1720 
   6   C15        7.7000      -11.9490       -5.3710 
   6   C16        6.8160      -11.5390       -6.2960 
   6   C17        7.3450      -12.8420       -4.4250 
   6   C18        6.1020      -13.3400       -4.3870 
   6   C19        5.1640      -12.9410       -5.3230 
   6   C20        5.5170      -12.0310       -6.2900 
   6   C21        4.6160      -11.5950       -7.2550 
   6   C22        4.4490      -10.1220       -7.6510 
   6   C23        3.3490       -9.6310       -8.3470 
   6   C24        2.0810      -10.1630       -8.0700 
   6   C25        0.9560       -9.6970       -8.7440 
   7    N3        1.0830       -8.6930       -9.7040 
   6   C26       -0.1140       -8.1960      -10.4210 
   6   C27        2.3390       -8.1580       -9.9860 
   6   C28        3.4630       -8.6250       -9.3110 
   1    H1       14.0910       -8.3110       -5.5540 
   1    H2       15.8160       -6.6120       -6.0510 
   1    H3       15.0900       -3.5660       -8.1150 
   1    H4       15.8950       -3.9300       -6.5700 
   1    H5       16.3510       -4.8200       -8.0430 
   1    H6       12.9450       -4.3600       -8.2980 
   1    H7       11.2250       -6.0620       -7.8030 
   1    H8       10.5490       -8.0070       -6.2500 
   1    H9       12.8490      -10.1610       -6.5180 
   1   H10        9.4270      -10.2460       -6.6850 
   1   H11       12.5700      -11.2330       -3.9840 
   1   H12       11.0140      -12.7580       -2.8140 
   1   H13        8.5350      -13.6610       -2.8490 
   1   H14        7.1140      -10.8240       -7.0480 
   1   H15        5.8300      -14.0550       -3.6240 
   1   H16        4.1630      -13.3450       -5.2900 
   1   H17        3.9880      -12.3080       -7.7690 
   1   H18        5.2110       -9.4030       -7.3890 
   1   H19        1.9720      -10.9410       -7.3290 
   1   H20       -0.0160      -10.1130       -8.5240 
   1   H21        0.1810       -7.4190      -11.1260 
   1   H22       -0.5820       -9.0190      -10.9620 
   1   H23       -0.8230       -7.7840       -9.7030 
   1   H24        2.4400       -7.3800      -10.7290 
   1   H25        4.4300       -8.2020       -9.5380 

