Run semi-empirical minimization
 &qmmm
    qm_theory='AM1', grms_tol=0.0005,
 scfconv=1.d-10, ndiis_attempts=700,   qmcharge=1,
 /
   6    C1        3.9510       -5.3350       -9.3460 
   6    C2        5.0440       -5.1700       -8.5540 
   6    C3        6.0870       -4.4450       -9.0400 
   6    C4        6.0120       -3.8950      -10.3360 
   6    C5        4.9280       -4.0650      -11.1400 
   6    C6        3.8850       -4.7810      -10.6410 
   6    C7        7.3700       -4.0730       -8.4800 
   6    C8        8.0130       -3.3190       -9.4680 
   6    C9        7.2160       -3.1540      -10.7400 
   8    O1        7.8690       -3.8160      -11.7940 
   6   C10        2.6190       -5.1380      -11.2980 
   6   C11        2.0520       -6.2390      -10.4010 
   6   C12        2.7230       -6.0810       -9.0360 
   6   C13        6.9290       -1.6950      -11.0950 
   8    O2        7.9980       -1.1810      -11.8520 
   6   C14        8.5410       -0.1120      -11.2240 
   8    O3        9.4930        0.5290      -11.6520 
   8    O4        7.9030        0.1510      -10.0580 
   6   C15        6.8800       -0.7940       -9.8610 
   8    O5        2.3970       -7.4550      -11.0200 
   6   C16        2.7620       -7.2830      -12.3120 
   8    O6        3.0660       -8.1850      -13.0830 
   6   C17        2.8120       -5.7950      -12.6650 
   6   C18        1.6180       -5.3950      -13.5340 
   8    O7        0.5360       -5.9330      -13.3310 
   6   C19        1.7980       -4.2810      -14.4590 
   6   C20        3.0320       -3.6910      -14.6700 
   6   C21        4.1810       -4.3650      -14.2290 
   6   C22        4.1350       -5.4370      -13.2990 
   6   C23        5.3160       -6.1110      -12.9550 
   6   C24        6.5050       -5.7180      -13.5410 
   8    O8        7.6750       -6.3770      -13.2180 
   6   C25        6.5460       -4.6710      -14.4430 
   6   C26        5.4030       -3.9790      -14.8010 
   6   C27        5.5050       -2.8400      -15.7880 
   6   C28        8.2060       -6.9570      -14.3850 
   8    O9        1.8540       -5.3180       -8.2340 
   6   C29        0.8230       -6.0990       -7.6800 
   6   C30       -0.1140       -5.2160       -6.8560 
   7    N1       -0.7400       -4.1590       -7.6420 
   6   C31       -1.5200       -4.7220       -8.7380 
   6   C32        0.6810       -4.6250       -5.6910 
   8   O10       -0.2000       -3.9200       -4.8530 
   6   C33        1.3620       -5.7450       -4.9040 
   8   O11        0.3790       -6.5560       -4.3130 
   6   C34        2.2350       -6.5670       -5.8530 
   6   C35        2.8890       -7.7270       -5.1010 
   8   O12        1.4090       -7.0870       -6.8660 
   1    H1        5.0670       -5.6090       -7.5680 
   1    H2        4.9190       -3.6380      -12.1320 
   1    H3        7.6360       -4.3900       -7.4820 
   1    H4        8.9960       -2.9130       -9.2830 
   1    H5        8.6520       -3.3210      -12.0470 
   1    H6        1.9450       -4.2840      -11.3570 
   1    H7        0.9700       -6.1450      -10.3120 
   1    H8        2.9440       -7.0470       -8.5820 
   1    H9        5.9970       -1.6190      -11.6560 
   1   H10        7.1010       -1.3860       -8.9730 
   1   H11        5.9180       -0.2830       -9.8250 
   1   H12        0.9520       -3.8910      -15.0060 
   1   H13        3.0950       -2.7330      -15.1640 
   1   H14        5.2870       -6.9230      -12.2430 
   1   H15        7.4860       -4.3760      -14.8860 
   1   H16        6.5430       -2.7190      -16.0980 
   1   H17        4.8890       -3.0580      -16.6600 
   1   H18        5.1570       -1.9200      -15.3190 
   1   H19        9.1310       -7.4810      -14.1430 
   1   H20        7.4870       -7.6630      -14.8000 
   1   H21        8.4120       -6.1770      -15.1180 
   1   H22        0.2600       -6.5770       -8.4810 
   1   H23       -0.9020       -5.8470       -6.4450 
   1   H24       -0.0260       -3.5500       -8.0150 
   1   H25       -1.3440       -3.6100       -7.0470 
   1   H26       -1.9780       -3.9150       -9.3110 
   1   H27       -0.8670       -5.3030       -9.3890 
   1   H28       -2.3000       -5.3690       -8.3350 
   1   H29        1.4380       -3.9420       -6.0780 
   1   H30        0.2890       -3.5440       -4.1170 
   1   H31        1.9870       -5.3100       -4.1240 
   1   H32        0.8010       -7.2610       -3.8170 
   1   H33        3.0030       -5.9310       -6.2930 
   1   H34        3.5080       -8.3040       -5.7890 
   1   H35        3.5100       -7.3350       -4.2960 
   1   H36        2.1160       -8.3710       -4.6810 

