Run semi-empirical minimization
 &qmmm
    qm_theory='AM1', grms_tol=0.0005,
 scfconv=1.d-10, ndiis_attempts=700,   qmcharge=2,
 /
   6    C1       20.2710       24.4150       24.0740 
   6    C2       18.9120       24.0900       23.9560 
   6    C3       18.5090       22.7460       23.9560 
   6    C4       20.8480       22.0460       24.1390 
   6    C5       21.2420       23.4050       24.1590 
   6    C6       19.0560       20.3850       24.1120 
   6    C7       20.0040       19.3560       24.2490 
   6    C8       21.3850       19.6600       24.3040 
   6    C9       19.5680       18.0210       24.3320 
   6   C10       20.5030       16.9910       24.5230 
   6   C11       21.8710       17.2910       24.6060 
   6   C12       22.3230       18.6130       24.4570 
   7    N1       22.9960       24.2780       25.6540 
   7    N2       24.3300       18.6270       23.0720 
   6   C13       19.4730       21.7250       24.0640 
   6   C14       21.7960       21.0060       24.2230 
   6   C15       22.6850       23.8410       24.2840 
   6   C16       23.8160       18.8420       24.4400 
   1    H1       20.5780       25.4500       24.1000 
   1    H2       18.1750       24.8740       23.8650 
   1    H3       17.4620       22.4960       23.8730 
   1    H4       18.0050       20.1450       24.0440 
   1    H5       18.5160       17.7900       24.2490 
   1    H6       20.1690       15.9670       24.6060 
   1    H7       22.5870       16.5030       24.7860 
   1    H8       23.9640       24.5620       25.7060 
   1    H9       22.4030       25.0570       25.9020 
   1   H10       22.8350       23.5150       26.2960 
   1   H11       25.3280       18.7800       23.0590 
   1   H12       24.1310       17.6800       22.7820 
   1   H13       23.8830       19.2740       22.4380 
   1   H14       22.8510       21.2360       24.2260 
   1   H15       22.8780       24.6590       23.5900 
   1   H16       23.3390       23.0130       24.0100 
   1   H17       24.2980       18.1430       25.1230 
   1   H18       24.0300       19.8640       24.7520 

