Run semi-empirical minimization
 &qmmm
    qm_theory='AM1', grms_tol=0.0005,
 scfconv=1.d-10, ndiis_attempts=700,   qmcharge=2,
 /
   6    C1       32.8780       41.0430       39.9710 
   6    C2       31.8460       40.2900       39.3760 
   6    C3       33.4970       39.0030       38.1500 
   6    C4       34.5320       39.7280       38.7580 
   6    C5       34.2260       40.7670       39.6580 
   6    C6       35.2730       41.5240       40.2100 
   7    N1       35.2850       41.8910       41.4700 
   7    N2       36.2710       41.9580       39.4770 
   7    N3       29.0770       37.7390       35.9470 
   8    O1       29.7770       39.0360       37.8030 
   6    C7       32.1570       39.2830       38.4460 
   6    C8       31.0930       38.4850       37.7260 
   6    C9       28.7840       38.5920       36.9450 
   6   C10       27.4810       39.0640       37.1760 
   6   C11       26.4300       38.6440       36.3360 
   6   C12       28.0430       37.3830       35.1660 
   6   C13       26.7320       37.7650       35.2740 
   6   C14       26.8690       36.4550       33.6180 
   6   C15       26.5880       35.5750       32.4880 
   7    N4       28.1340       36.5690       34.0960 
   6   C16       27.4530       34.4920       32.2820 
   6   C17       27.2910       33.6240       31.2060 
   6   C18       26.2200       33.8140       30.3160 
   6   C19       25.3340       34.9040       30.5070 
   6   C20       25.5300       35.7810       31.5890 
   6   C21       26.0340       32.8610       29.3000 
   7    N5       27.0450       32.2700       28.6820 
   7    N6       24.8420       32.3490       29.0660 
   7    N7       25.9850       37.1710       34.2580 
   1    H1       32.6380       41.8330       40.6680 
   1    H2       30.8160       40.4870       39.6350 
   1    H3       33.7290       38.2190       37.4450 
   1    H4       35.5620       39.4890       38.5360 
   1    H5       36.0560       42.4350       41.8300 
   1    H6       34.5230       41.6290       42.0800 
   1    H7       37.0100       42.5000       39.9010 
   1    H8       36.3000       41.7500       38.4890 
   1    H9       31.3750       38.3690       36.6790 
   1   H10       31.0810       37.4670       38.1140 
   1   H11       27.2900       39.7440       37.9930 
   1   H12       25.4240       38.9950       36.5130 
   1   H13       28.2690       34.3150       32.9670 
   1   H14       27.9860       32.8100       31.0590 
   1   H15       24.5120       35.0580       29.8230 
   1   H16       24.8600       36.6170       31.7260 
   1   H17       26.8660       31.5900       27.9570 
   1   H18       27.9950       32.4990       28.9360 
   1   H19       24.7210       31.6650       28.3330 
   1   H20       24.0490       32.6410       29.6200 
   1   H21       24.9960       37.3610       34.1810 

