Run semi-empirical minimization
 &qmmm
    qm_theory='AM1', grms_tol=0.0005,
 scfconv=1.d-10, ndiis_attempts=700,   qmcharge=1,
 /
   6    C1       12.7040       21.3920        9.3210 
   8    O1       12.7970       20.3750        8.6520 
   7    N1       11.8350       21.4430       10.3320 
   6    C2       10.9050       22.3760       10.6630 
   6    C3        9.6800       22.0610       11.3150 
   6    C4        8.9550       23.2310       11.4670 
   7    N2        9.7620       24.2550       10.9520 
   6    C5       10.8770       23.7170       10.4290 
   6    C6        9.5240       25.6910       10.8690 
   6    C7        7.7320       23.5400       12.1780 
   8    O2        7.3790       24.7280       12.3720 
   7    N3        6.9980       22.5270       12.6200 
   6    C8        5.6970       22.6470       13.1950 
   6    C9        5.0050       21.6550       13.8550 
   6   C10        3.7930       22.1680       14.2420 
   7    N4        3.7400       23.4600       13.8470 
   6   C11        4.9000       23.7600       13.1950 
   6   C12        2.6690       24.4080       14.0500 
   6   C13        2.6730       21.5650       15.0100 
   8    O3        1.5640       22.1030       15.1670 
   7    N5        2.9020       20.3880       15.5520 
   6   C14        1.8720       19.6490       16.2240 
   6   C15        2.2240       18.4670       16.9250 
   6   C16        1.0680       17.9450       17.4490 
   7    N6        0.0330       18.8090       17.0780 
   6   C17        0.5370       19.8010       16.3400 
   6   C18       -1.3980       18.6780       17.3200 
   6   C19        0.7640       16.9670       18.4670 
   8    O4       -0.3300       16.4340       18.6070 
   7    N7        1.8070       16.6980       19.2670 
   6   C20        1.7420       15.5200       20.1740 
   6   C21        2.1020       14.2780       19.4050 
   6   C22        1.8160       13.0480       20.2600 
   7    N8        0.5870       12.6390       20.3710 
   7    N9        2.8280       12.4480       20.8530 
   1    H1       13.3240       22.2470        9.0940 
   1    H2       11.8040       20.6950       11.0090 
   1    H3        9.4650       21.0410       11.5960 
   1    H4       11.6850       24.1880        9.8890 
   1    H5       10.3820       26.1760       10.4030 
   1    H6        8.6320       25.8780       10.2710 
   1    H7        9.3790       26.0940       11.8710 
   1    H8        7.3530       21.5830       12.5620 
   1    H9        5.4500       20.6790       13.9820 
   1   H10        5.2420       24.6690       12.7240 
   1   H11        2.9420       25.3660       13.6080 
   1   H12        1.7600       24.0370       13.5770 
   1   H13        2.4960       24.5380       15.1180 
   1   H14        3.8250       19.9800       15.5020 
   1   H15        3.2550       18.1480       16.9610 
   1   H16        0.0460       20.6380       15.8660 
   1   H17       -1.9190       19.5350       16.8930 
   1   H18       -1.7630       17.7620       16.8550 
   1   H19       -1.5830       18.6390       18.3930 
   1   H20        2.6240       17.2920       19.2490 
   1   H21        0.7310       15.4220       20.5700 
   1   H22        2.4460       15.6550       20.9950 
   1   H23        3.1610       14.3040       19.1490 
   1   H24        1.5080       14.2320       18.4920 
   1   H25        0.3740       11.8270       20.9320 
   1   H26       -0.1550       13.1340       19.8960 
   1   H27        2.6660       11.6310       21.4250 
   1   H28        3.7660       12.8050       20.7360 

