Run semi-empirical minimization
 &qmmm
    qm_theory='AM1', grms_tol=0.0005,
 scfconv=1.d-10, ndiis_attempts=700,   qmcharge=2,
 /
   6    C1        9.8770       24.8530        5.8620 
   6    C2       10.9430       24.0160        5.4300 
   6    C3       11.8100       24.4330        4.3800 
   6    C4       11.6270       25.6770        3.7350 
   6    C5       10.5770       26.5000        4.1730 
   6    C6        9.7120       26.0910        5.2230 
   6    C7       12.3970       26.0510        2.6280 
   6    C8        9.3290       23.4010        7.6290 
   6    C9        8.4820       23.2980        8.8730 
   6   C10        8.9510       19.6000       13.5980 
   6   C11       10.3290       19.4170       13.7960 
   6   C12       10.8000       18.6670       14.9020 
   6   C13        9.9000       18.0830       15.8000 
   6   C14        8.5140       18.2590       15.6030 
   6   C15        8.0510       19.0150       14.5050 
   6   C16       10.3410       17.3040       16.8610 
   6   C17        9.1960       20.8550       11.5900 
   6   C18        8.2890       21.7360       10.7290 
   7    N1       12.2670       27.2670        2.1270 
   7    N2       13.1580       25.1640        2.0020 
   7    N3        9.6040       17.1330       17.9580 
   7    N4       11.5320       16.6830       16.7990 
   8    O1        8.9700       24.5380        6.8600 
   8    O2        8.3620       20.3150       12.5860 
   8    O3        9.0130       22.2030        9.5990 
   1    H1       11.1000       23.0560        5.8990 
   1    H2       12.6230       23.7950        4.0650 
   1    H3       10.4160       27.4620        3.7100 
   1    H4        8.9150       26.7540        5.5270 
   1    H5        9.2010       22.5010        7.0270 
   1    H6       10.3800       23.4700        7.9100 
   1    H7        7.4520       23.0800        8.5920 
   1    H8        8.5910       24.2090        9.4610 
   1    H9       11.0360       19.8490       13.1030 
   1   H10       11.8610       18.5420       15.0570 
   1   H11        7.8100       17.8160       16.2920 
   1   H12        6.9870       19.1410       14.3670 
   1   H13        9.9630       21.4730       12.0560 
   1   H14        9.6010       20.0470       10.9800 
   1   H15        7.9450       22.5870       11.3170 
   1   H16        7.4290       21.1550       10.3950 
   1   H17       12.8190       27.5460        1.3280 
   1   H18       11.6160       27.9180        2.5430 
   1   H19       13.7100       25.4450        1.2040 
   1   H20       13.1860       24.2070        2.3230 
   1   H21        9.9500       16.5610       18.7150 
   1   H22        8.6990       17.5760       18.0330 
   1   H23       11.8480       16.1170       17.5740 
   1   H24       12.1110       16.7820       15.9770 

