Run semi-empirical minimization
 &qmmm
    qm_theory='AM1', grms_tol=0.0005,
 scfconv=1.d-10, ndiis_attempts=700,   qmcharge=1,
 /
   7    N1       12.5020       16.6410       82.2500 
   6    C1       11.3040       16.8190       83.1230 
   6    C2       10.0470       16.8740       82.2330 
   7    N2       10.2180       18.1530       81.6660 
   6    C3        9.8720       18.8540       82.8310 
   6    C4       11.1600       18.2610       83.6560 
   6    C5        9.6480       18.5510       80.5830 
   6    C6       10.3120       19.3570       79.6270 
   6    C7        9.4720       19.8870       78.6500 
   6    C8        8.1020       19.5390       78.6990 
   6    C9        7.5720       18.6930       79.6370 
   6   C10        8.3550       18.1680       80.5840 
   7    N3        9.5520       20.7440       77.5690 
   6   C11        8.2580       20.8930       77.0310 
   7    N4        7.4040       20.2000       77.7100 
   6   C12        7.8050       21.6030       75.9990 
   6   C13        8.6630       22.0060       75.0200 
   6   C14        8.1880       22.7630       73.9610 
   6   C15        6.8780       23.1440       73.8470 
   6   C16        6.0000       22.6900       74.8760 
   6   C17        6.4590       21.9090       75.9650 
   7    N5        8.8080       23.2470       72.9130 
   6   C18        7.9510       23.9530       72.1400 
   7    N6        6.7670       23.9490       72.6930 
   6   C19        8.3600       24.5390       70.9790 
   6   C20        9.5700       24.2240       70.3180 
   6   C21        9.8970       24.9260       69.1280 
   6   C22        9.0210       25.9250       68.6540 
   6   C23        7.8210       26.1810       69.3410 
   6   C24        7.4660       25.4920       70.5090 
   7    N7       10.9220       24.9120       68.2360 
   6   C25       10.6640       25.8850       67.2560 
   7    N8        9.5310       26.5210       67.5100 
   6   C26       11.4700       26.1400       66.1660 
   6   C27       12.5630       25.3110       66.0000 
   6   C28       13.3290       25.4200       64.8280 
   6   C29       12.9880       26.3720       63.8210 
   6   C30       11.9030       27.2810       64.0430 
   6   C31       11.1460       27.1470       65.2310 
   8    O1       13.7000       26.3200       62.6060 
   6   C32       13.7350       25.1080       61.7960 
   1    H1       13.3340       16.6030       82.8220 
   1    H2       12.4140       15.7810       81.7280 
   1    H3       12.5700       17.4180       81.6090 
   1    H4       11.2360       16.0670       83.9090 
   1    H5        9.1620       16.8830       82.8690 
   1    H6       10.1350       16.1230       81.4480 
   1    H7        8.9690       18.4030       83.2430 
   1    H8       10.0430       19.9150       82.6520 
   1    H9       12.0500       18.8330       83.3940 
   1   H10       10.9230       18.2300       84.7200 
   1   H11       11.3780       19.5120       79.6990 
   1   H12        6.5200       18.4500       79.6120 
   1   H13        7.9990       17.4690       81.3270 
   1   H14       10.4430       21.1370       77.3010 
   1   H15        9.7070       21.7350       75.0720 
   1   H16        4.9500       22.9400       74.8390 
   1   H17        5.8050       21.5550       76.7480 
   1   H18        9.7930       23.0670       72.7810 
   1   H19       10.2230       23.4630       70.7200 
   1   H20        7.1370       26.9300       68.9720 
   1   H21        6.5430       25.6750       71.0400 
   1   H22       11.6890       24.2660       68.3580 
   1   H23       12.8170       24.5930       66.7650 
   1   H24       14.1860       24.7790       64.6820 
   1   H25       11.6800       28.0450       63.3120 
   1   H26       10.3200       27.8160       65.4220 
   1   H27       14.3370       25.2830       60.9040 
   1   H28       14.1730       24.2960       62.3760 
   1   H29       12.7210       24.8380       61.5020 

