Run semi-empirical minimization
 &qmmm
    qm_theory='AM1', grms_tol=0.0005,
 scfconv=1.d-10, ndiis_attempts=700,   qmcharge=2,
 /
   6    C1        8.0150       20.2560       12.8900 
   6    C2        9.3140       19.9680       12.6590 
   6    C3       10.0450       19.3400       13.6430 
   6    C4        9.4700       18.9160       14.8390 
   6    C5        8.1440       19.1960       15.0240 
   6    C6        7.4160       19.8280       14.0860 
   6    C7        8.3640       21.6360       11.1590 
   6    C8        7.3870       22.1360       10.1090 
   6    C9       10.1770       18.2800       15.8040 
   6   C10        8.4610       22.3800        9.0910 
   6   C11        9.5290       24.6440        5.0280 
   6   C12       10.5570       23.8000        4.8830 
   6   C13       11.4120       23.9920        3.8320 
   6   C14       11.2520       25.0360        2.9270 
   6   C15       10.2230       25.8800        3.0920 
   6   C16        9.3460       25.6880        4.1360 
   6   C17        9.1920       23.5400        6.9970 
   6   C18        8.0930       23.4040        8.0610 
   6   C19       12.1170       25.2320        1.9090 
   8    O1        7.3620       20.9280       11.9920 
   8    O2        8.6830       24.4680        5.9930 
   7    N1       11.5150       18.1680       15.6650 
   7    N2        9.5770       17.8480       16.9670 
   7    N3       13.2280       24.4640        1.8300 
   7    N4       11.8930       26.2240        0.9710 
   1    H1        9.7650       20.2300       11.7130 
   1    H2       11.1010       19.1620       13.5010 
   1    H3        7.6540       18.9080       15.9430 
   1    H4        6.3640       20.0060       14.2570 
   1    H5        8.7420       22.4910       11.7190 
   1    H6        9.0210       20.8970       10.7000 
   1    H7        6.9990       23.1010       10.4350 
   1    H8        6.7830       21.2930        9.7740 
   1    H9        8.7090       21.4420        8.5950 
   1   H10        9.3760       22.6890        9.5970 
   1   H11       10.6960       22.9920        5.5860 
   1   H12       12.2450       23.3210        3.6840 
   1   H13       10.0860       26.7050        2.4080 
   1   H14        8.5090       26.3600        4.2560 
   1   H15        9.3710       22.5690        6.5350 
   1   H16       10.0890       23.9570        7.4540 
   1   H17        7.9370       24.3670        8.5470 
   1   H18        7.1570       23.1160        7.5820 
   1   H19       12.0590       17.6970       16.3740 
   1   H20       11.9720       18.5550       14.8520 
   1   H21       10.1240       17.3760       17.6720 
   1   H22        8.5900       18.0030       17.1140 
   1   H23       13.8830       24.6000        1.0740 
   1   H24       13.4020       23.7550        2.5270 
   1   H25       12.5480       26.3600        0.2140 
   1   H26       11.0750       26.8120        1.0430 

