Run semi-empirical minimization
 &qmmm
    qm_theory='AM1', grms_tol=0.0005,
 scfconv=1.d-10, ndiis_attempts=700,   qmcharge=2,
 /
   6    C1       10.7810       26.2170       68.7050 
   6    C2       11.7980       25.2610       68.4870 
   6    C3       12.5580       25.3330       67.3220 
   6    C4       12.3270       26.3130       66.3440 
   6    C5       11.3170       27.2680       66.5760 
   6    C6       10.5640       27.2110       67.7470 
   6    C7       13.0170       26.2770       65.1010 
   7    N1       13.7310       25.1900       64.7150 
   7    N2       12.8970       27.3360       64.2630 
   6    C8        7.7600       23.0980       74.4710 
   6    C9        6.5870       22.7810       75.2100 
   6   C10        6.6360       22.0170       76.3950 
   6   C11        7.9430       21.5500       76.8210 
   6   C12        9.0620       21.8550       76.0680 
   6   C13        8.9970       22.6090       74.9290 
   6   C14        8.1820       20.7820       77.9810 
   7    N3        9.3660       20.8690       78.6230 
   7    N4        7.1370       20.0560       78.4890 
   6   C15        9.8860       24.9450       70.4840 
   8    O1        9.9310       26.1840       69.7600 
   6   C16        8.7200       25.0130       71.4670 
   6   C17        8.9580       24.0700       72.6360 
   8    O2        7.6910       23.8670       73.3260 
   1    H1       11.9780       24.4870       69.2190 
   1    H2       13.3520       24.6220       67.1500 
   1    H3       11.1280       28.0420       65.8470 
   1    H4        9.7990       27.9570       67.9060 
   1    H5       14.2120       25.1910       63.8270 
   1    H6       13.7820       24.3800       65.3160 
   1    H7       13.3770       27.3340       63.3750 
   1    H8       12.3270       28.1270       64.5270 
   1    H9        5.6230       23.1280       74.8680 
   1   H10        5.7270       21.8050       76.9390 
   1   H11       10.0330       21.4940       76.3730 
   1   H12        9.9010       22.8290       74.3800 
   1   H13        9.5320       20.3170       79.4530 
   1   H14       10.0860       21.4860       78.2740 
   1   H15        7.2680       19.4940       79.3180 
   1   H16        6.2350       20.0830       78.0350 
   1   H17       10.8170       24.8120       71.0340 
   1   H18        9.7250       24.1230       69.7870 
   1   H19        7.7980       24.7330       70.9570 
   1   H20        8.6170       26.0330       71.8380 
   1   H21        9.6770       24.5170       73.3220 
   1   H22        9.3250       23.1140       72.2620 

