Run semi-empirical minimization
 &qmmm
    qm_theory='AM1', grms_tol=0.0005,
 scfconv=1.d-10, ndiis_attempts=700,   qmcharge=0,
 /
   6    C1        6.3800       -7.9160       -3.9930 
   6    C2        7.7680       -7.8370       -3.3550 
   7    N1        7.7770       -6.8280       -2.2720 
   6    C3        8.0770       -5.4900       -2.5610 
   6    C4        8.0840       -4.5450       -1.5390 
   6    C5        7.4840       -7.2100       -0.9560 
   6    C6        7.4920       -6.2590        0.0600 
   6    C7        7.7920       -4.9280       -0.2300 
   6    C8        7.7990       -3.9800        0.7900 
   6    C9        6.7060       -3.8730        1.6500 
   6   C10        6.7120       -2.9250        2.6720 
   6   C11        8.8980       -3.1360        0.9540 
   6   C12        8.9030       -2.1870        1.9760 
   6   C13        7.8100       -2.0820        2.8350 
   7    N2        7.8150       -1.1740        3.8130 
   6   C14        7.8710       -1.6280        5.0660 
   6   C15        6.7950       -1.4300        5.9300 
   6   C16        6.8530       -1.9050        7.2380 
   6   C17        9.0070       -2.3030        5.5140 
   6   C18        9.0660       -2.7780        6.8230 
   6   C19        7.9890       -2.5800        7.6860 
   6   C20        8.0470       -3.0550        8.9930 
   6   C21        8.3810       -4.3880        9.2350 
   6   C22        8.4400       -4.8660       10.5400 
   6   C23        7.7710       -2.1970       10.0580 
   6   C24        7.8280       -2.6680       11.3660 
   7    N3        8.1630       -4.0070       11.6120 
   6   C25        8.2250       -4.5120       13.0020 
   6   C26        9.6430       -4.3600       13.5570 
   6   C27        7.6370        0.1110        3.5050 
   6   C28        6.4660        0.5210        2.8660 
   6   C29        6.2810        1.8640        2.5440 
   6   C30        8.6210        1.0470        3.8210 
   6   C31        8.4350        2.3910        3.4980 
   6   C32        7.2650        2.7990        2.8600 
   6   C33        7.0790        4.1390        2.5370 
   6   C34        7.0710        5.1030        3.5450 
   6   C35        6.8850        6.4450        3.2250 
   6   C36        6.9020        4.5140        1.2060 
   6   C37        6.7160        5.8540        0.8780 
   7    N4        6.7060        6.8250        1.8880 
   6   C38        6.5080        8.2510        1.5440 
   6   C39        7.8570        8.9220        1.2740 
   1    H1        6.3870       -8.6620       -4.7880 
   1    H2        5.6470       -8.1980       -3.2370 
   1    H3        6.1150       -6.9440       -4.4090 
   1    H4        8.5010       -7.5620       -4.1130 
   1    H5        8.0350       -8.8110       -2.9460 
   1    H6        8.3020       -5.1940       -3.5750 
   1    H7        8.3160       -3.5130       -1.7590 
   1    H8        7.2530       -8.2410       -0.7320 
   1    H9        7.2660       -6.5510        1.0750 
   1   H10        5.8540       -4.5250        1.5240 
   1   H11        5.8660       -2.8440        3.3380 
   1   H12        9.7450       -3.2170        0.2890 
   1   H13        9.7540       -1.5340        2.1020 
   1   H14        5.9150       -0.9080        5.5850 
   1   H15        6.0180       -1.7510        7.9060 
   1   H16        9.8420       -2.4580        4.8460 
   1   H17        9.9460       -3.3000        7.1690 
   1   H18        8.5940       -5.0500        8.4090 
   1   H19        8.6990       -5.8980       10.7260 
   1   H20        7.5130       -1.1660        9.8680 
   1   H21        7.6140       -2.0020       12.1890 
   1   H22        7.9390       -5.5640       13.0190 
   1   H23        7.5290       -3.9490       13.6240 
   1   H24        9.6750       -4.7350       14.5800 
   1   H25       10.3380       -4.9290       12.9400 
   1   H26        9.9270       -3.3080       13.5470 
   1   H27        5.7030       -0.2030        2.6210 
   1   H28        5.3750        2.1810        2.0490 
   1   H29        9.5270        0.7310        4.3160 
   1   H30        9.1980        3.1160        3.7420 
   1   H31        7.2090        4.8090        4.5750 
   1   H32        6.8790        7.1910        4.0060 
   1   H33        6.9090        3.7650        0.4280 
   1   H34        6.5800        6.1440       -0.1530 
   1   H35        6.0090        8.7580        2.3700 
   1   H36        5.8810        8.3260        0.6560 
   1   H37        7.6980        9.9700        1.0220 
   1   H38        8.4820        8.8540        2.1640 
   1   H39        8.3530        8.4200        0.4430 

