Run semi-empirical minimization
 &qmmm
    qm_theory='AM1', grms_tol=0.0005,
 scfconv=1.d-10, ndiis_attempts=700,   qmcharge=1,
 /
   7    N1       -7.4580       -4.6240        3.7240 
   6    C1       -6.5360       -5.5700        3.0560 
   6    C2       -6.0920       -6.6880        4.0710 
   8    O1       -7.1890       -7.5590        4.3390 
   6    C3       -4.9040       -7.5580        3.5620 
   8    O2       -4.4780       -8.4120        4.6200 
   6    C4       -3.7290       -6.6490        3.1010 
   6    C5       -2.5510       -7.4130        2.4730 
   8    O3       -1.3020       -6.9550        2.9710 
   8    O4       -4.2300       -5.7340        2.0820 
   6    C6       -5.3080       -4.8040        2.4570 
   8    O5       -5.7510       -4.1090        1.2700 
   6    C7       -4.8800       -3.1310        0.6240 
   6    C8       -4.1220       -3.8420       -0.4980 
   6    C9       -4.0620       -2.8860       -1.6920 
   6   C10       -4.9240       -1.6170       -1.3620 
   6   C11       -3.8930       -0.4760       -1.5330 
   6   C12       -4.1040        0.9080       -1.3650 
   6   C13       -3.0420        1.8180       -1.5740 
   6   C14       -3.2270        3.2050       -1.4170 
   6   C15       -2.1540        4.0880       -1.6330 
   6   C16       -0.8870        3.6060       -2.0060 
   6   C17       -0.6620        2.2270       -2.1690 
   6   C18       -1.7140        1.3110       -1.9620 
   6   C19       -1.5150       -0.0730       -2.1210 
   6   C20       -2.6250       -0.9550       -1.9030 
   6   C21       -2.6280       -2.4240       -2.0240 
   8    O6       -1.6760       -3.1420       -2.3270 
   6   C22       -5.6700       -1.9090        0.0140 
   6   C23       -5.8040       -0.6850        1.0940 
   6   C24       -4.6920       -0.2520        1.8890 
   6   C25       -4.8250        0.7960        2.8230 
   6   C26       -6.0680        1.4340        2.9890 
   6   C27       -7.1730        1.0430        2.2270 
   6   C28       -7.0560        0.0040        1.2900 
   6   C29       -8.3060       -0.3750        0.4780 
   6   C30       -8.4230       -1.8900        0.2080 
   6   C31       -7.1300       -2.4550       -0.4140 
   8    O7       -7.2570       -3.3500       -1.2540 
   1    H1       -7.7400       -3.9090        3.0690 
   1    H2       -8.2740       -5.1220        4.0500 
   1    H3       -6.9900       -4.1950        4.5090 
   1    H4       -7.0730       -6.0480        2.2360 
   1    H5       -5.7950       -6.2090        5.0040 
   1    H6       -6.9140       -8.2390        4.9580 
   1    H7       -5.2390       -8.1660        2.7220 
   1    H8       -3.7450       -8.9540        4.3190 
   1    H9       -3.3680       -6.0720        3.9530 
   1   H10       -2.5760       -7.2920        1.3900 
   1   H11       -2.6560       -8.4780        2.6820 
   1   H12       -0.5910       -7.4520        2.5590 
   1   H13       -4.9340       -4.0840        3.1850 
   1   H14       -4.1620       -2.7590        1.3550 
   1   H15       -4.6600       -4.7460       -0.7840 
   1   H16       -3.1100       -4.0700       -0.1640 
   1   H17       -4.4840       -3.3830       -2.5650 
   1   H18       -5.6800       -1.5100       -2.1400 
   1   H19       -5.0780        1.2750       -1.0760 
   1   H20       -4.1940        3.5920       -1.1300 
   1   H21       -2.2970        5.1520       -1.5130 
   1   H22       -0.0730        4.2970       -2.1710 
   1   H23        0.3170        1.8690       -2.4530 
   1   H24       -0.5430       -0.4500       -2.4010 
   1   H25       -3.7300       -0.7310        1.7780 
   1   H26       -3.9740        1.1080        3.4100 
   1   H27       -6.1730        2.2320        3.7090 
   1   H28       -8.1230        1.5410        2.3580 
   1   H29       -8.2980        0.1620       -0.4700 
   1   H30       -9.1970       -0.0310        1.0040 
   1   H31       -9.2600       -2.0750       -0.4650 
   1   H32       -8.6330       -2.4100        1.1430 

