Run semi-empirical minimization
 &qmmm
    qm_theory='AM1', grms_tol=0.0005,
 scfconv=1.d-10, ndiis_attempts=700,   qmcharge=0,
 /
   6    C1        6.0950        0.4830        0.9720 
   6    C2        4.7990        1.0070        0.7200 
   6    C3        6.8350       -0.2110        0.0100 
   6    C4        6.2790       -0.3630       -1.2540 
   6    C5        4.9520        0.1920       -1.4770 
   6    C6        4.3440        0.0220       -2.7810 
   6    C7        5.0920       -0.6740       -3.8210 
   6    C8        6.9640       -1.0310       -2.2870 
   6    C9        1.3890        3.1780        6.2500 
   6   C10       -1.9860        5.6140        3.0520 
   6   C11        2.4920        0.3460       -4.1780 
   6   C12        4.1330        1.6910        1.9040 
   6   C13        6.3790       -1.1790       -3.5610 
   6   C14        4.4860       -0.8160       -5.0660 
   6   C15        3.1950       -0.3010       -5.2250 
   6   C16        1.0880        0.8140       -4.5210 
   6   C17       -1.8870        5.5490        4.4490 
   6   C18       -0.8300        2.0550       -3.3880 
   6   C19       -1.2350        2.4820       -2.1190 
   6   C20       -2.4360        3.1810       -1.9830 
   6   C21       -3.2490        3.4360       -3.1750 
   6   C22       -1.6580        2.3000       -4.5050 
   6   C23       -2.8400        3.6310       -0.7170 
   6   C24       -0.8650        4.8060        5.0580 
   6   C25       -4.4890        4.1930       -2.9570 
   6   C26       -4.0220        4.3690       -0.5670 
   6   C27       -4.8420        4.6380       -1.6730 
   6   C28       -1.0670        4.9360        2.2370 
   6   C29        1.9240        2.7740        2.5440 
   6   C30        2.0350        2.7180        3.9500 
   6   C31        0.8680        3.4920        1.9690 
   6   C32       -0.0340        4.1690        2.8010 
   6   C33        0.1270        4.0750        4.2560 
   6   C34       -3.6220        3.2340       -5.6420 
   7    N1        4.2010        0.8740       -0.5190 
   7    N2        2.8350        2.1160        1.6730 
   7    N3       -2.8480        2.9730       -4.4220 
   7    N4        0.4440        1.4370       -3.4700 
   7    N5        3.0600        0.5350       -2.9330 
   7    N6        1.1650        3.3310        4.8060 
   8    O1        0.5730        0.6730       -5.6170 
   8    O2        4.6660        1.8120        2.9970 
   1    H1        6.5510        0.6130        1.9420 
   1    H2        7.8070       -0.6090        0.2600 
   1    H3        7.9490       -1.4370       -2.1080 
   1    H4        0.6180        3.7200        6.7970 
   1    H5        1.3470        2.1220        6.5150 
   1    H6        2.3690        3.5780        6.5110 
   1    H7       -2.7760        6.1900        2.5930 
   1    H8        6.9280       -1.6850       -4.3410 
   1    H9        5.0120       -1.3100       -5.8690 
   1   H10        2.7350       -0.4130       -6.1960 
   1   H11       -2.6010        6.0740        5.0660 
   1   H12       -0.6210        2.2700       -1.2560 
   1   H13       -1.3620        1.9510       -5.4830 
   1   H14       -2.2390        3.4090        0.1520 
   1   H15       -0.7960        4.7630        6.1350 
   1   H16       -5.1410        4.4130       -3.7900 
   1   H17       -4.3090        4.7370        0.4070 
   1   H18       -5.7550        5.1950       -1.5270 
   1   H19       -1.1490        5.0000        1.1620 
   1   H20        2.8440        2.1670        4.4060 
   1   H21        0.7550        3.5200        0.8950 
   1   H22       -3.1200        2.7780       -6.4960 
   1   H23       -4.6200        2.8080       -5.5380 
   1   H24       -3.7010        4.3100       -5.8000 
   1   H25        2.4080        1.9680        0.7700 
   1   H26        0.8960        1.5040       -2.5690 

