Run semi-empirical minimization
 &qmmm
    qm_theory='AM1', grms_tol=0.0005,
 scfconv=1.d-10, ndiis_attempts=700,   qmcharge=2,
 /
   7    N1       45.9020       43.2170        9.5120 
   6    C1       44.9630       43.9340        8.7800 
   6    C2       43.7240       43.7220        9.3310 
   6    C3       43.0940       42.2560       11.4290 
   6    C4       43.6080       41.4460       12.4350 
   6    C5       44.9790       41.1680       12.5170 
   6    C6       45.8160       41.7310       11.5330 
   6    C7       45.2800       42.5550       10.5240 
   6    C8       43.9070       42.8270       10.4620 
   6    C9       45.4720       40.2710       13.5880 
   7    N2       46.7900       40.2260       13.8620 
   7    N3       44.7540       39.5080       14.2970 
   6   C10       45.3860       44.6950        7.5800 
   6   C11       44.5950       45.7110        7.0100 
   6   C12       45.0490       46.3830        5.8650 
   6   C13       46.2830       46.0330        5.2870 
   6   C14       47.0200       45.0250        5.8680 
   6   C15       46.5770       44.3810        6.9810 
   6   C16       46.8240       46.7090        4.0900 
   7    N4       47.8290       46.2040        3.4650 
   7    N5       46.2980       47.8810        3.6940 
   1    H1       46.8770       43.2480        9.2510 
   1    H2       42.8540       44.1970        8.9020 
   1    H3       42.0330       42.4560       11.3860 
   1    H4       42.9470       41.0170       13.1740 
   1    H5       46.8770       41.5320       11.5490 
   1    H6       47.1340       39.6170       14.5910 
   1    H7       47.4340       40.8010       13.3390 
   1    H8       45.1800       38.9290       15.0070 
   1    H9       43.7550       39.4770       14.1530 
   1   H10       43.6450       45.9690        7.4540 
   1   H11       44.4510       47.1690        5.4280 
   1   H12       47.9680       44.7330        5.4400 
   1   H13       47.1980       43.5990        7.3920 
   1   H14       48.1990       46.6660        2.6470 
   1   H15       48.2480       45.3450        3.7930 
   1   H16       46.6630       48.3480        2.8770 
   1   H17       45.5370       48.2940        4.2140 

