Run semi-empirical minimization
 &qmmm
    qm_theory='AM1', grms_tol=0.0005,
 scfconv=1.d-10, ndiis_attempts=700,   qmcharge=2,
 /
   8    O1       -0.2220       -4.3490       -0.6990 
   6    C1       -1.3280       -4.7290       -1.0360 
   7    N1       -1.9240       -4.3370       -2.2300 
   6    C2       -3.1920       -4.7610       -2.6190 
   7    N2       -3.6560       -4.2820       -3.8200 
   7    N3       -3.9470       -5.5900       -1.8910 
   6    C3       -3.4100       -6.0370       -0.6780 
   6    C4       -2.1670       -5.6430       -0.2350 
   7    N4       -1.8790       -6.2080        0.9810 
   6    C5       -2.9450       -6.9430        1.2670 
   7    N5       -3.9170       -6.8940        0.2770 
   6    C6       -5.1850       -7.6520        0.3140 
   6    C7       -5.9060       -7.8460       -1.0270 
   8    O2       -7.2470       -8.2420       -0.7460 
   8    O3       -4.8260       -8.9930        0.7190 
   6    C8       -4.9090       -9.9170       -0.3860 
   6    C9       -3.6130      -10.7530       -0.4880 
   8    O4       -2.5730      -10.0300       -1.1610 
  15    P1       -1.3330      -10.8680       -1.7740 
   8    O5       -2.1100      -11.5960       -2.9890 
   8    O6       -0.2580       -9.9750       -2.2800 
   8    O7       -0.7820      -11.8430       -0.7970 
   6   C10       -5.1610       -9.0280       -1.6060 
   8    O8       -5.9670       -9.7130       -2.5740 
  15    P2       -6.2090       -9.0380       -4.0210 
   8    O9       -7.2930       -8.0200       -3.9920 
   8   O10       -6.4640      -10.0590       -5.0710 
   8   O11       -4.7550       -8.3620       -4.2300 
   6   C11       -3.6870       -9.0140       -4.9320 
   6   C12       -3.6160      -10.5070       -4.5550 
   8   O12       -4.0900      -11.3100       -5.6490 
   6   C13       -2.1770      -10.9720       -4.2790 
   6   C14       -1.8420      -11.9870       -5.3760 
   8   O13       -1.8490      -13.3110       -4.8460 
   6   C15       -2.9860      -11.8580       -6.3870 
   7    N6       -2.6820      -10.9510       -7.5010 
   6   C16       -3.2520      -10.9550       -8.7770 
   7    N7       -2.7480      -10.0150       -9.5830 
   6   C17       -1.8410       -9.4060       -8.7920 
   6   C18       -1.7620       -9.9350       -7.5130 
   7    N8       -0.9060       -9.4520       -6.5740 
   6   C19       -0.1110       -8.4100       -6.9400 
   7    N9       -0.1190       -7.8300       -8.1710 
   6   C20       -0.9850       -8.3270       -9.0990 
   7   N10       -0.9880       -7.7340      -10.3520 
   1    H1       -1.4340       -3.7170       -2.8590 
   1    H2       -4.5690       -4.5550       -4.1540 
   1    H3       -3.0840       -3.6570       -4.3690 
   1    H4       -2.9860       -7.4970        2.1930 
   1    H5       -5.8640       -7.2100        1.0430 
   1    H6       -5.8530       -6.9630       -1.6640 
   1    H7       -7.7230       -8.3710       -1.5700 
   1    H8       -5.7600      -10.5820       -0.2400 
   1    H9       -3.8190      -11.6780       -1.0270 
   1   H10       -3.2770      -11.0250        0.5130 
   1   H11       -4.2180       -8.7080       -2.0490 
   1   H12       -2.7420       -8.5320       -4.6840 
   1   H13       -3.8470       -8.9180       -6.0060 
   1   H14       -4.2330      -10.6900       -3.6750 
   1   H15       -1.4910      -10.1260       -4.3250 
   1   H16       -0.8830      -11.7580       -5.8400 
   1   H17       -1.6380      -13.9360       -5.5430 
   1   H18       -3.2510      -12.8420       -6.7730 
   1   H19       -4.0200      -11.6730       -9.0230 
   1   H20        0.5870       -7.9880       -6.2320 
   1   H21       -0.3660       -6.9630      -10.5470 
   1   H22       -1.6130       -8.0730      -11.0700 

