Run semi-empirical minimization
 &qmmm
    qm_theory='AM1', grms_tol=0.0005,
 scfconv=1.d-10, ndiis_attempts=700,   qmcharge=4,
 /
   6    C1       -4.5580       -3.6030        4.2390 
   6    C2       -5.9540       -3.7100        4.2910 
   6    C3       -6.6770       -3.8660        3.1020 
   6    C4       -6.0010       -3.8900        1.8710 
   7    N1       -3.7990       -3.8170        0.6670 
   6    C5       -4.3240       -3.6860       -0.7130 
   6    C6       -2.4970       -3.9520        1.0350 
   6    C7       -1.4460       -4.2060        0.0370 
  16    S1       -2.2210       -3.8110        2.6570 
   6    C8       -3.8770       -3.7170        3.0060 
   6    C9       -4.5890       -3.8190        1.8060 
   6   C10        2.2290       -4.6370       -0.8130 
   6   C11        3.0730       -4.8960       -1.9180 
   6   C12        2.5080       -5.1520       -3.1640 
   6   C13        1.1830       -4.8020       -3.4130 
   6   C14        0.3350       -4.4780       -2.3410 
   6   C15        0.8190       -4.5180       -1.0080 
   6   C16       -0.0450       -4.4510        0.1350 
   6   C17        0.5500       -4.6490        1.3940 
   6   C18        1.9270       -4.5830        1.5430 
   7    N2        2.7520       -4.5260        0.4740 
   6   C19        4.1500       -4.4050        0.9250 
   6   C20        5.0840       -3.2850        0.4730 
   6   C21        6.3020       -3.2520        1.4270 
   7    N3        7.1430       -2.0220        1.3820 
   6   C22        6.2950       -0.8280        1.6780 
   6   C23        7.0560        0.4240        2.1490 
   6   C24        7.7880       -1.9010        0.0560 
   6   C25        8.2130       -2.1890        2.4000 
   6   C26       -1.5760        4.7040       -5.8520 
   6   C27       -2.7120        4.7390       -6.6710 
   6   C28       -3.9770        4.8810       -6.0870 
   6   C29       -4.0990        4.9340       -4.6900 
   7    N4       -2.9330        4.9120       -2.4620 
   6   C30       -4.1310        4.7790       -1.5930 
   6   C31       -1.6450        5.0440       -2.0460 
   6   C32       -1.3260        5.1750       -0.6170 
  16    S2       -0.5170        5.0450       -3.2500 
   6   C33       -1.6980        4.8620       -4.4530 
   6   C34       -2.9600        4.9190       -3.8490 
   6   C35        1.1580        5.7840        2.1560 
   6   C36        1.2310        6.4260        3.4040 
   6   C37        0.0860        6.6360        4.1640 
   6   C38       -1.1580        6.3060        3.6230 
   6   C39       -1.2600        5.8950        2.2780 
   6   C40       -0.0930        5.6360        1.5050 
   6   C41       -0.1140        5.2340        0.1300 
   6   C42        1.1180        4.8860       -0.4700 
   6   C43        2.3090        4.8990        0.2650 
   7    N5        2.3190        5.3070        1.5670 
   6   C44        3.6210        5.2150        2.2580 
   6   C45        4.4570        3.9570        1.9810 
   6   C46        5.5460        3.8520        3.0540 
   7    N6        6.6360        2.8740        2.7670 
   6   C47        6.0470        1.5700        2.3410 
   6   C48        7.4110        2.7250        4.0270 
   6   C49        7.5400        3.4170        1.7190 
   1    H1       -3.9950       -3.4320        5.1450 
   1    H2       -6.4630       -3.6720        5.2420 
   1    H3       -7.7520       -3.9670        3.1330 
   1    H4       -6.5590       -3.9640        0.9500 
   1    H5       -5.4100       -3.5940       -0.6820 
   1    H6       -3.8980       -2.7990       -1.1820 
   1    H7       -4.0510       -4.5680       -1.2920 
   1    H8       -1.6940       -4.2300       -1.0140 
   1    H9        4.1450       -4.8940       -1.7900 
   1   H10        3.0970       -5.6220       -3.9380 
   1   H11        0.8110       -4.7800       -4.4270 
   1   H12       -0.6910       -4.1970       -2.5300 
   1   H13       -0.0670       -4.8550        2.2560 
   1   H14        2.3640       -4.5760        2.5310 
   1   H15        4.6500       -5.3600        0.7650 
   1   H16        4.1690       -4.4550        2.0140 
   1   H17        4.5580       -2.3320        0.5230 
   1   H18        5.4240       -3.4840       -0.5430 
   1   H19        6.9290       -4.1230        1.2390 
   1   H20        5.9620       -3.4180        2.4490 
   1   H21        5.5450       -1.0950        2.4220 
   1   H22        5.7030       -0.5800        0.7970 
   1   H23        7.7890        0.7090        1.3940 
   1   H24        7.5500        0.2130        3.0970 
   1   H25        8.4010       -1.0000        0.0300 
   1   H26        8.4170       -2.7730       -0.1240 
   1   H27        7.0220       -1.8410       -0.7170 
   1   H28        8.8550       -1.3080        2.4010 
   1   H29        7.7620       -2.3110        3.3850 
   1   H30        8.8080       -3.0710        2.1610 
   1   H31       -0.6000        4.5560       -6.2890 
   1   H32       -2.6080        4.6570       -7.7430 
   1   H33       -4.8560        4.9490       -6.7120 
   1   H34       -5.0770        4.9880       -4.2350 
   1   H35       -5.0230        4.6900       -2.2140 
   1   H36       -4.0320        3.8900       -0.9710 
   1   H37       -4.2180        5.6590       -0.9560 
   1   H38       -2.1220        5.2500        0.1090 
   1   H39        2.1850        6.7630        3.7830 
   1   H40        0.1660        7.0490        5.1590 
   1   H41       -2.0460        6.3650        4.2350 
   1   H42       -2.2320        5.7730        1.8230 
   1   H43        1.1510        4.6040       -1.5120 
   1   H44        3.2330        4.5840       -0.1980 
   1   H45        3.4650        5.3130        3.3320 
   1   H46        4.2150        6.0990        2.0250 
   1   H47        4.9220        4.0390        0.9990 
   1   H48        3.8150        3.0770        2.0280 
   1   H49        5.0860        3.6080        4.0110 
   1   H50        5.9810        4.8370        3.2230 
   1   H51        5.2880        1.2650        3.0620 
   1   H52        5.4840        1.7130        1.4180 
   1   H53        8.2250        2.0170        3.8720 
   1   H54        7.8220        3.6920        4.3180 
   1   H55        6.7550        2.3570        4.8160 
   1   H56        8.3330        2.6980        1.5140 
   1   H57        6.9720        3.5990        0.8070 
   1   H58        7.9790        4.3520        2.0660 

