Run semi-empirical minimization
 &qmmm
    qm_theory='AM1', grms_tol=0.0005,
 scfconv=1.d-10, ndiis_attempts=700,   qmcharge=2,
 /
   6    C1       10.3140       24.9350        5.8720 
   6    C2       11.3540       24.1310        5.4990 
   6    C3       12.1040       24.4320        4.3480 
   6    C4       11.8310       25.5280        3.5350 
   6    C5       10.7650       26.3460        3.9270 
   6    C6       10.0320       26.0390        5.0750 
   6    C7       12.5250       25.7170        2.3120 
   7    N1       13.4920       24.8760        1.9930 
   7    N2       12.1660       26.6910        1.4310 
   6    C8        8.2420       21.3980       11.5770 
   6    C9        9.5270       20.9640       11.7560 
   6   C10        9.8650       20.2340       12.8950 
   6   C11        8.9630       19.8820       13.8900 
   6   C12        7.6400       20.3110       13.7110 
   6   C13        7.2980       21.0710       12.5540 
   6   C14        9.5100       19.1690       15.0100 
   7    N3       10.6490       18.4980       14.8140 
   7    N4        8.8460       18.9780       16.1820 
   6   C15        9.7480       23.6170        7.7580 
   8    O1        9.4980       24.7140        6.9300 
   6   C16        8.5580       23.5120        8.6720 
   6   C17        8.9940       22.5880        9.7390 
   8    O2        7.8880       22.2050       10.5570 
   1    H1       11.6020       23.2610        6.0890 
   1    H2       12.9320       23.8000        4.0620 
   1    H3       10.5080       27.2160        3.3410 
   1    H4        9.2180       26.6990        5.3350 
   1    H5       13.9980       24.9930        1.1270 
   1    H6       13.7260       24.1150        2.6150 
   1    H7       12.6770       26.8040        0.5670 
   1    H8       11.3890       27.3000        1.6410 
   1    H9       10.2800       21.1870       11.0150 
   1   H10       10.8830       19.9060       13.0440 
   1   H11        6.8880       20.0650       14.4470 
   1   H12        6.2740       21.3960       12.4450 
   1   H13       11.0690       17.9830       15.5750 
   1   H14       11.0900       18.5060       13.9050 
   1   H15        9.2860       18.4670       16.9340 
   1   H16        7.9130       19.3470       16.3000 
   1   H17       10.6430       23.8070        8.3500 
   1   H18        9.8190       22.7140        7.1510 
   1   H19        7.7240       23.0680        8.1290 
   1   H20        8.3480       24.4900        9.1050 
   1   H21        9.7490       23.0760       10.3550 
   1   H22        9.4390       21.7000        9.2900 

