Run semi-empirical minimization
 &qmmm
    qm_theory='AM1', grms_tol=0.0005,
 scfconv=1.d-10, ndiis_attempts=700,   qmcharge=1,
 /
   8    O1       11.1520       17.4330       17.0220 
   6    C1       10.6820       18.1960       16.1500 
   6    C2        9.6130       19.8840       14.1740 
   6    C3       11.5450       18.9590       15.3440 
   6    C4       11.0050       19.8070       14.3530 
   6    C5        9.2850       18.2730       15.9720 
   6    C6        8.7470       19.1170       14.9940 
   6    C7        9.0880       20.5380       13.0710 
   7    N1        9.8450       21.1830       12.0530 
   6    C8        8.9010       21.7020       11.1340 
   6    C9        7.5110       21.4220       11.5310 
   7    N2        7.7380       20.6710       12.7600 
   6   C10        6.5170       21.9210       10.6650 
   6   C11        6.8500       22.6560        9.5090 
   6   C12        8.1870       22.8790        9.1650 
   6   C13        9.2190       22.3800       10.0310 
   6   C14        8.5930       23.6220        8.0950 
   7    N3        9.8090       23.5000        7.3680 
   6   C15        9.8900       24.4980        6.4300 
   6   C16        8.7040       25.3260        6.5750 
   7    N4        7.9520       24.7900        7.5860 
   6   C17        8.5150       26.3890        5.7890 
   6   C18        9.4940       26.7060        4.7840 
   6   C19       10.6290       25.9140        4.6320 
   6   C20       10.8140       24.7820        5.5040 
   7    N5       11.5650       26.1500        3.6940 
   6   C21       11.4190       27.2900        2.8610 
   6   C22       12.5770       27.6030        2.1080 
   7    N6       13.2940       26.5070        1.6450 
   6   C23       13.2840       25.2890        2.3000 
   6   C24       12.1460       25.0050        3.0660 
   6   C25       13.1020       26.3490        0.3040 
   1    H1       10.4340       16.9890       17.4800 
   1    H2       12.6140       18.8940       15.4850 
   1    H3       11.6630       20.3970       13.7320 
   1    H4        8.6280       17.6800       16.5910 
   1    H5        7.6770       19.1860       14.8620 
   1    H6       10.8540       21.1920       12.1030 
   1    H7        5.4740       21.7430       10.8810 
   1    H8        6.0690       23.0540        8.8780 
   1    H9       10.2560       22.5560        9.7860 
   1   H10       10.4540       22.7540        7.5850 
   1   H11        7.6340       27.0010        5.9110 
   1   H12        9.3510       27.5630        4.1420 
   1   H13       11.6950       24.1630        5.4120 
   1   H14       11.1410       28.1500        3.4700 
   1   H15       10.5780       27.1380        2.1840 
   1   H16       13.2330       28.2380        2.7030 
   1   H17       12.2990       28.2340        1.2640 
   1   H18       14.2560       26.8060        1.7140 
   1   H19       14.1700       25.2130        2.9310 
   1   H20       13.4380       24.4900        1.5750 
   1   H21       11.3990       24.5200        2.4380 
   1   H22       12.3970       24.2650        3.8260 
   1   H23       13.6690       25.4870       -0.0460 
   1   H24       12.0420       26.1910        0.1040 
   1   H25       13.4410       27.2430       -0.2200 

