Run semi-empirical minimization
 &qmmm
    qm_theory='AM1', grms_tol=0.0005,
 scfconv=1.d-10, ndiis_attempts=700,   qmcharge=1,
 /
   6    C1       11.7230       25.9930       66.9190 
   8    O1       10.8910       26.9010       66.6280 
   7    N1       11.4910       25.1470       67.9860 
   6    C2       10.2310       25.3730       68.6710 
   6    C3        9.9040       24.8350       69.8800 
   6    C4        8.6610       25.3200       70.1650 
   7    N2        8.2100       26.1000       69.1370 
   6    C5        9.1880       26.1530       68.1930 
   6    C6        6.9270       26.8350       68.9690 
   6    C7        7.7770       24.9620       71.2960 
   8    O2        6.6500       25.4350       71.4960 
   7    N3        8.3290       23.9400       71.9810 
   6    C8        7.7090       23.3440       73.1000 
   6    C9        8.4240       22.6090       74.0370 
   6   C10        7.5070       22.1530       74.9550 
   7    N4        6.2800       22.6420       74.6250 
   6   C11        6.4130       23.4140       73.4680 
   6   C12        4.9670       22.4780       75.2720 
   6   C13        7.5830       21.3240       76.1770 
   8    O3        6.5090       20.9830       76.6880 
   7    N5        8.8070       21.0280       76.6810 
   6   C14        8.8800       20.2020       77.8970 
   6   C15       10.1430       19.8160       78.4330 
   6   C16        9.8880       19.0520       79.5780 
   7    N6        8.5380       18.9740       79.6810 
   6   C17        7.9510       19.6890       78.6600 
   6   C18        7.5350       18.3580       80.5280 
   6   C19       10.9440       18.3990       80.3470 
   8    O4       10.7200       17.3930       81.0130 
   7    N7       12.2170       18.7610       80.1850 
   6   C20       13.3890       18.1650       80.9030 
   6   C21       13.2070       18.0500       82.4090 
   6   C22       14.3920       18.3460       83.2950 
   7    N8       14.0590       18.5550       84.6070 
   7    N9       15.6470       18.4530       82.9780 
   1    H1       12.6220       25.8760       66.3320 
   1    H2       12.1740       24.4440       68.2310 
   1    H3       10.5970       24.1760       70.3830 
   1    H4        9.2780       26.6480       67.2370 
   1    H5        6.9270       27.3520       68.0090 
   1    H6        6.0970       26.1300       69.0010 
   1    H7        6.8170       27.5630       69.7730 
   1    H8        9.2250       23.5690       71.6990 
   1    H9        9.4940       22.5010       73.9360 
   1   H10        5.7160       23.9960       72.8830 
   1   H11        4.2130       23.0270       74.7080 
   1   H12        4.7030       21.4210       75.2970 
   1   H13        5.0120       22.8650       76.2900 
   1   H14        9.6390       21.3720       76.2230 
   1   H15       11.0550       20.1260       77.9440 
   1   H16        6.9090       19.8620       78.4330 
   1   H17        6.5410       18.6190       80.1640 
   1   H18        7.6560       17.2750       80.5070 
   1   H19        7.6530       18.7160       81.5510 
   1   H20       12.4540       19.4950       79.5330 
   1   H21       14.2810       18.7550       80.6910 
   1   H22       13.6030       17.1800       80.4890 
   1   H23       12.8220       17.0580       82.6470 
   1   H24       12.3670       18.6740       82.7160 
   1   H25       14.7790       18.7610       85.2840 
   1   H26       13.0930       18.5030       84.8970 
   1   H27       16.3320       18.6570       83.6910 
   1   H28       15.9380       18.3320       82.0180 

