Run semi-empirical minimization
 &qmmm
    qm_theory='AM1', grms_tol=0.0005,
 scfconv=1.d-10, ndiis_attempts=700,   qmcharge=2,
 /
   6    C1       27.6620       24.1640       20.9890 
   7    N1       26.6870       25.0190       21.1410 
   7    N2       27.4640       23.2020       20.1360 
   7    N3       28.7920       24.1870       21.6840 
   6    C2       29.1910       25.1750       22.7090 
   6    C3       30.6760       25.1250       23.0270 
   8    O1       31.4360       24.3550       22.4670 
   7    N4       31.0760       26.0120       23.9590 
   6    C4       32.3490       26.3220       24.4080 
   6    C5       32.6190       27.3440       25.3370 
   6    C6       33.9880       27.3770       25.4810 
   7    N5       34.5450       26.4640       24.5940 
   6    C7       35.9490       26.2980       24.2100 
   6    C8       33.5250       25.7380       24.0250 
   6    C9       34.8440       28.2030       26.3690 
   8    O2       36.0560       28.2670       26.2570 
   7    N6       34.2010       28.8330       27.3800 
   6   C10       34.7910       29.6460       28.3440 
   6   C11       34.2680       30.0060       29.6110 
   6   C12       35.2220       30.8070       30.2060 
   7    N7       36.2960       30.9440       29.3380 
   6   C13       37.5300       31.7010       29.5400 
   6   C14       36.0260       30.2190       28.2010 
   6   C15       35.2270       31.4470       31.5400 
   8    O3       36.0930       32.1700       31.9920 
   7    N8       34.1510       31.1700       32.2870 
   6   C16       33.9920       31.6320       33.6710 
   6   C17       32.5170       31.6270       34.0850 
   6   C18       32.1760       32.3470       35.3570 
   7    N9       32.8430       33.3930       35.7870 
   7   N10       31.1400       31.9800       36.0620 
   1    H1       26.7850       25.7870       21.7900 
   1    H2       25.8350       24.9130       20.6100 
   1    H3       28.1840       22.5110       19.9780 
   1    H4       26.5900       23.1460       19.6320 
   1    H5       29.4910       23.4740       21.5350 
   1    H6       28.6190       25.0020       23.6210 
   1    H7       28.9270       26.1760       22.3690 
   1    H8       30.3930       26.5740       24.4470 
   1    H9       31.8060       27.9090       25.7700 
   1   H10       36.0350       25.4850       23.4900 
   1   H11       36.3150       27.2210       23.7600 
   1   H12       36.5430       26.0650       25.0940 
   1   H13       33.5130       24.8660       23.3870 
   1   H14       33.2010       28.7320       27.4830 
   1   H15       33.2960       29.6470       29.9160 
   1   H16       38.1670       31.6000       28.6610 
   1   H17       37.2900       32.7530       29.6950 
   1   H18       38.0540       31.3150       30.4140 
   1   H19       36.5960       30.0540       27.2990 
   1   H20       33.3980       30.6180       31.9020 
   1   H21       34.3920       32.6420       33.7650 
   1   H22       34.5580       30.9820       34.3380 
   1   H23       32.1660       30.5970       34.1500 
   1   H24       31.9140       32.0310       33.2710 
   1   H25       32.5740       33.8430       36.6500 
   1   H26       33.6250       33.7470       35.2550 
   1   H27       30.9130       32.4670       36.9170 
   1   H28       30.5650       31.2090       35.7520 

