Run semi-empirical minimization
 &qmmm
    qm_theory='AM1', grms_tol=0.0005,
 scfconv=1.d-10, ndiis_attempts=700,   qmcharge=1,
 /
   6    C1       10.3930       18.6180       15.7940 
   6    C2        9.1930       19.9490       13.3910 
   6    C3       11.1340       19.3700       14.8210 
   6    C4       10.5420       20.0170       13.6600 
   6    C5        8.9580       18.6250       15.3860 
   6    C6        8.3900       19.2650       14.2430 
   6    C7        8.6410       20.6170       12.2420 
   6    C8        8.5090       21.6960       10.3010 
   6    C9        7.1990       21.5340       10.8550 
   6   C10        5.9990       22.0460       10.1680 
   6   C11        6.2600       22.7250        8.8910 
   6   C12        7.6020       22.8590        8.3760 
   6   C13        8.7010       22.3620        9.0600 
   7    N1        9.3690       21.0980       11.2220 
   7    N2        7.3330       20.8750       12.0240 
   6   C14        7.8340       23.4830        7.0840 
   6   C15        8.6670       24.0750        5.0680 
   6   C16        7.4940       24.8580        5.3100 
   6   C17        6.9910       25.8660        4.3400 
   6   C18        7.7610       26.0100        3.1190 
   6   C19        8.9770       25.1840        2.8860 
   6   C20        9.4260       24.2290        3.8410 
   7    N3        8.7780       23.2720        6.2120 
   7    N4        7.0170       24.4880        6.5200 
   7    N5        9.7160       25.3800        1.6340 
   7    N6       11.5500       26.1410       -0.5840 
   6   C21        9.2600       26.5530        0.5970 
   6   C22       10.0960       26.2570       -0.7400 
   6   C23       11.8990       24.9710        0.4080 
   6   C24       11.2600       25.2260        1.7450 
   6   C25       11.6880       25.3560       -1.7300 
  53    I1        7.5430       17.6140       16.5670 
   1    H1       10.9030       18.1720       16.6350 
   1    H2       12.2030       19.4840       14.9260 
   1    H3       11.1980       20.5640       12.9990 
   1    H4        7.3280       19.2070       14.0550 
   1    H5        5.0230       21.9080       10.6100 
   1    H6        5.4400       23.1350        8.3200 
   1    H7        9.6970       22.4770        8.6570 
   1    H8       10.3730       20.9890       11.2230 
   1    H9        6.1030       26.4370        4.5660 
   1   H10        7.4540       26.7220        2.3680 
   1   H11       10.3070       23.6270        3.6720 
   1   H12        9.4930       22.5840        6.3990 
   1   H13       12.0910       26.9920       -0.5230 
   1   H14        9.5520       27.5230        0.9980 
   1   H15        8.1950       26.4550        0.3860 
   1   H16        9.7120       25.3520       -1.2110 
   1   H17        9.8740       27.0260       -1.4800 
   1   H18       12.9800       24.9080        0.5290 
   1   H19       11.5300       24.0290        0.0030 
   1   H20       11.4950       24.4040        2.4220 
   1   H21       11.6840       26.1300        2.1830 
   1   H22       12.7380       25.1020       -1.8730 
   1   H23       11.1060       24.4420       -1.6170 
   1   H24       11.3280       25.9110       -2.5960 

