Run semi-empirical minimization
 &qmmm
    qm_theory='AM1', grms_tol=0.0005,
 scfconv=1.d-10, ndiis_attempts=700,   qmcharge=2,
 /
   6    C1        7.4600       17.7100       17.5880 
   6    C2        8.8640       17.7940       17.3060 
   6    C3        9.3660       18.4890       16.1970 
   6    C4        8.4350       19.1100       15.3460 
   6    C5        7.0570       19.0150       15.6550 
   6    C6        6.5190       18.3380       16.7440 
   7    N1       10.7270       18.5770       15.8840 
   6    C7       11.1370       19.2760       14.7480 
   6    C8       10.2110       19.9000       13.9050 
   6    C9        8.8500       19.8190       14.1760 
   7    N2        7.9200       20.3830       13.3250 
   6   C10        7.9720       20.9990       12.1060 
   6   C11        9.0620       21.1040       11.2580 
   6   C12        8.9290       21.7870       10.0550 
   6   C13        7.6870       22.3820        9.7090 
   6   C14        6.5640       22.2690       10.5800 
   6   C15        6.7600       21.5740       11.7530 
   6   C16        7.6060       23.0700        8.4780 
   8    O1        6.5270       23.4360        7.9560 
   7    N3        8.7400       23.3300        7.8730 
   6   C17        8.8340       23.9720        6.7300 
   6   C18        9.9560       23.6160        6.0000 
   6   C19       10.1750       24.2520        4.7830 
   6   C20        9.2980       25.2630        4.2600 
   6   C21        8.1570       25.6010        5.0120 
   6   C22        7.9350       24.9520        6.2380 
   7    N4        9.4530       25.9430        3.0870 
   6   C23       10.5120       25.9020        2.2560 
   6   C24       10.4610       26.7190        1.1420 
   6   C25       11.5320       26.7230        0.2250 
   7    N5       12.6410       25.9170        0.4120 
   6   C26       12.6930       25.1000        1.5150 
   6   C27       11.6490       25.1000        2.4100 
   6   C28       13.7900       25.8810       -0.5130 
   6   C29       11.8330       17.9470       16.6400 
   7    N6        5.0730       18.3730       16.8740 
   7    N7        5.1960       22.7940       10.3830 
   1    H1        7.1150       17.1630       18.4530 
   1    H2        9.5760       17.3110       17.9590 
   1    H3        6.3270       19.4930       15.0190 
   1    H4       12.1870       19.3430       14.5050 
   1    H5       10.5530       20.4480       13.0390 
   1    H6        6.9420       20.3890       13.5780 
   1    H7       10.0060       20.6570       11.5340 
   1    H8        9.7710       21.8660        9.3830 
   1    H9        5.9090       21.4880       12.4130 
   1   H10        9.6120       23.0320        8.2850 
   1   H11       10.6310       22.8640        6.3800 
   1   H12       11.0360       23.9920        4.1850 
   1   H13        7.4700       26.3480        4.6440 
   1   H14        7.0570       25.2140        6.8090 
   1   H15        8.7220       26.5590        2.7600 
   1   H16        9.6020       27.3520        0.9760 
   1   H17       11.4970       27.3640       -0.6440 
   1   H18       13.5500       24.4630        1.6750 
   1   H19       11.7350       24.4420        3.2620 
   1   H20       14.5300       25.1700       -0.1460 
   1   H21       13.4510       25.5740       -1.5020 
   1   H22       14.2390       26.8720       -0.5750 
   1   H23       12.7830       18.1880       16.1630 
   1   H24       11.8350       18.3230       17.6630 
   1   H25       11.6960       16.8660       16.6510 
   1   H26        4.5160       18.8650       16.1900 
   1   H27        4.6240       17.9050       17.6480 
   1   H28        4.4900       22.6400       11.0880 
   1   H29        4.9680       23.3070        9.5430 

