Run semi-empirical minimization
 &qmmm
    qm_theory='AM1', grms_tol=0.0005,
 scfconv=1.d-10, ndiis_attempts=700,   qmcharge=1,
 /
   6    C1       10.3910       18.8520       15.8050 
   6    C2        9.1990       20.0510       13.3070 
   6    C3       11.1030       19.6600       14.8540 
   6    C4       10.5190       20.2420       13.6390 
   6    C5        8.9950       18.7320       15.3130 
   6    C6        8.4170       19.2980       14.1280 
   8    O1       10.9970       18.2450       17.0810 
   6    C7        8.6650       20.6590       12.1470 
   6    C8        8.5270       21.6550       10.1830 
   6    C9        7.2240       21.5460       10.7720 
   6   C10        6.0210       22.0550       10.1060 
   6   C11        6.2710       22.6800        8.8070 
   6   C12        7.6030       22.7710        8.2570 
   6   C13        8.7050       22.2670        8.9240 
   7    N1        9.3870       21.0750       11.0970 
   7    N2        7.3760       20.9350       11.9560 
   6   C14        7.8360       23.4190        6.9730 
   6   C15        8.7120       24.0760        5.0060 
   6   C16        7.4620       24.7390        5.1750 
   6   C17        6.9190       25.6820        4.1700 
   6   C18        7.7390       25.8870        2.9910 
   6   C19        9.0390       25.1820        2.8360 
   6   C20        9.5210       24.2890        3.8270 
   7    N3        8.8370       23.3030        6.1530 
   7    N4        6.9540       24.3370        6.3560 
   7    N5        9.8350       25.4080        1.6390 
   7    N6       11.5550       26.1980       -0.7390 
   6   C21        9.3940       26.4790        0.5870 
   6   C22       10.0730       26.3200       -0.7640 
   6   C23       11.9930       25.1430        0.2880 
   6   C24       11.3970       25.5990        1.7090 
   6   C25       11.8530       25.4850       -1.9990 
  53    I1        7.6430       17.6110       16.4250 
   6   C26       12.0250       18.5750       18.1550 
   1    H1       12.1490       19.8790       15.0080 
   1    H2       11.1570       20.8340       12.9990 
   1    H3        7.3780       19.1340       13.8830 
   1    H4        5.0560       21.9510       10.5800 
   1    H5        5.4490       23.0870        8.2360 
   1    H6        9.6930       22.3370        8.4930 
   1    H7       10.3870       20.9350       11.0850 
   1    H8        5.9690       26.1660        4.3420 
   1    H9        7.4070       26.5580        2.2130 
   1   H10       10.4640       23.7740        3.7190 
   1   H11        9.6080       22.6920        6.3810 
   1   H12       12.0360       27.0810       -0.6470 
   1   H13        9.5970       27.4760        0.9790 
   1   H14        8.3130       26.4340        0.4560 
   1   H15        9.6500       25.4580       -1.2800 
   1   H16        9.7920       27.1530       -1.4080 
   1   H17       13.0810       25.1200        0.3420 
   1   H18       11.5750       24.1740        0.0130 
   1   H19       11.8050       24.9630        2.4940 
   1   H20       11.6260       26.6510        1.8780 
   1   H21       12.9290       25.3380       -2.0880 
   1   H22       11.3540       24.5160       -1.9960 
   1   H23       11.4960       26.0740       -2.8440 
   1   H24       12.0740       17.7580       18.8750 
   1   H25       13.0030       18.7110       17.6930 
   1   H26       11.7350       19.4920       18.6670 

