Run semi-empirical minimization
 &qmmm
    qm_theory='AM1', grms_tol=0.0005,
 scfconv=1.d-10, ndiis_attempts=700,   qmcharge=3,
 /
   6    C1       -8.5940       -4.3320       -0.7200 
   7    N1       -7.9010       -0.4230        2.3210 
   6    C2       -8.7010       -2.0440       -1.5840 
   6    C3       -8.3060       -3.7860        0.5280 
   6    C4       -7.9360       -1.8340        2.1560 
   6    C5       -8.6230        3.7830       -3.4450 
   6    C6       -7.5720        4.0090        3.9920 
   6    C7       -7.0830        4.5400        6.3170 
   6    C8       -7.3740       -0.1260        4.8560 
   6    C9       -8.3600        4.9980       -2.7200 
   6   C10       -7.2170        2.1700        5.6460 
   6   C11       -8.7920       -3.4510       -1.7830 
   6   C12       -9.1690        2.5890       -5.5500 
   6   C13       -8.8850       -1.0850       -2.7830 
   6   C14       -9.1280        1.4150       -4.8170 
   6   C15       -8.6530        6.2850       -4.7680 
   7    N2       -8.7320        0.2910       -2.5130 
   6   C16       -8.2160       -2.3840        0.7360 
   6   C17       -8.8370        1.4100       -3.4050 
   6   C18       -8.9060        3.8360       -4.8570 
   6   C19       -8.3780        6.2170       -3.3790 
   6   C20       -7.1530        0.7440        5.9130 
   6   C21       -7.0100        3.1960        6.6460 
   7    N3      -10.4530        0.8310       -9.9490 
   6   C22      -10.0960        1.9860       -9.0520 
   6   C23       -9.8020        1.5000       -7.6180 
   8    O1       -9.4840        2.6980       -6.8960 
   7    N4       -8.5960        2.5550       -2.7520 
   6   C24       -8.9110        5.1350       -5.4960 
   8    O2       -9.1400       -1.5560       -3.8890 
   7    N5       -8.4160       -1.5370       -0.3300 
   8    O3       -8.6850       -5.7140       -0.6970 
   6   C25       -9.0220       -6.4990       -1.8440 
   6   C26       -8.9730       -7.9280       -1.2390 
   7    N6       -9.2930       -9.0540       -2.2200 
   8    O4       -7.7560       -2.6410        3.0690 
   6   C27       -7.6580        0.3430        3.5220 
   7    N7       -7.7150        1.6580        3.2720 
   6   C28       -7.5020        2.5950        4.3010 
   6   C29       -7.3650        4.9470        4.9890 
   8    O5       -6.8630        0.3760        7.2200 
   6   C30       -6.7870       -1.0270        7.5300 
   6   C31       -6.4530       -1.0750        9.0360 
   7    N8       -6.3350       -2.4930        9.5320 
   1    H1       -8.0600        0.1820        1.5280 
   1    H2       -8.1430       -4.4340        1.3760 
   1    H3       -7.7860        4.3320        2.9840 
   1    H4       -6.9240        5.2910        7.0770 
   1    H5       -7.3360       -1.1930        5.0180 
   1    H6       -8.1480        4.9600       -1.6620 
   1    H7       -9.0170       -3.8340       -2.7670 
   1    H8       -9.3170        0.4690       -5.3020 
   1    H9       -8.6630        7.2410       -5.2700 
   1   H10       -8.5170        0.6010       -1.5760 
   1   H11       -8.1810        7.1280       -2.8340 
   1   H12       -6.7960        2.9000        7.6620 
   1   H13      -10.6410        1.1730      -10.8800 
   1   H14       -9.6840        0.1770       -9.9800 
   1   H15      -11.2740        0.3660       -9.5890 
   1   H16      -10.9210        2.6980       -9.0320 
   1   H17       -9.2190        2.4960       -9.4490 
   1   H18       -8.9310        0.8440       -7.6310 
   1   H19      -10.7030        1.0530       -7.1970 
   1   H20       -9.1190        5.2010       -6.5540 
   1   H21       -8.2320       -6.4000       -2.5890 
   1   H22      -10.0460       -6.2730       -2.1430 
   1   H23       -9.6550       -7.9840       -0.3910 
   1   H24       -7.9900       -8.1000       -0.8000 
   1   H25       -9.2380       -9.9430       -1.7430 
   1   H26      -10.2250       -8.9270       -2.5870 
   1   H27       -8.6280       -9.0380       -2.9800 
   1   H28       -7.4180        6.0010        4.7580 
   1   H29       -5.9710       -1.4780        6.9650 
   1   H30       -7.7610       -1.4870        7.3610 
   1   H31       -7.2320       -0.5580        9.5970 
   1   H32       -5.5160       -0.5480        9.2170 
   1   H33       -6.1170       -2.4880       10.5180 
   1   H34       -7.2100       -2.9760        9.3840 
   1   H35       -5.6000       -2.9670        9.0270 

