Run semi-empirical minimization
 &qmmm
    qm_theory='AM1', grms_tol=0.0005,
 scfconv=1.d-10, ndiis_attempts=700,   qmcharge=0,
 /
   8    O1       14.0620       26.7330        0.9740 
   6    C1       13.2480       26.2960        1.9710 
   6    C2       12.1810       27.0820        2.4350 
   6    C3       11.3770       26.6130        3.4820 
   6    C4       13.4740       25.0490        2.5700 
   6    C5       12.6560       24.5800        3.6050 
   6    C6       11.6220       25.3820        4.1250 
   6    C7       10.7560       24.9150        5.1810 
   7    N1       11.0920       24.0020        6.1370 
   7    N2        9.4910       25.3450        5.3460 
   6    C8        8.9940       24.6460        6.4260 
   6    C9        9.9770       23.8700        6.9460 
   6   C10        9.7660       23.0700        8.0770 
   6   C11        7.7590       24.7740        7.0750 
   6   C12        7.4750       23.9410        8.1680 
   6   C13        8.4780       23.0710        8.6640 
   6   C14        8.1660       22.1330        9.8020 
   6   C15        6.8170       21.8910       10.1680 
   6   C16        6.5160       21.0030       11.2080 
   6   C17        9.2100       21.4850       10.5080 
   6   C18        8.8690       20.6330       11.5650 
   6   C19        7.5750       20.4020       11.9070 
   7    N3        7.5380       19.5290       12.9700 
   7    N4        9.6710       19.9310       12.4480 
   6   C20        8.8180       19.2740       13.2820 
   6   C21        9.2140       18.3950       14.3550 
   6   C22       10.5300       18.4050       14.8560 
   6   C23       10.8780       17.6010       15.9490 
   6   C24        8.2480       17.6520       15.0580 
   6   C25        8.5910       16.8600       16.1540 
   6   C26        9.9160       16.8270       16.6150 
   8    O2       10.2400       16.0510       17.6840 
   1    H1       14.7300       26.0680        0.7910 
   1    H2       11.9830       28.0440        1.9850 
   1    H3       10.5370       27.2000        3.8220 
   1    H4       14.2920       24.4290        2.2350 
   1    H5       12.8150       23.5930        4.0140 
   1    H6        9.1110       26.0460        4.7260 
   1    H7       10.5740       22.4760        8.4760 
   1    H8        7.0420       25.5060        6.7320 
   1    H9        6.4970       23.9650        8.6260 
   1   H10        6.0170       22.3930        9.6440 
   1   H11        5.4870       20.7930       11.4580 
   1   H12       10.2390       21.6540       10.2260 
   1   H13       10.6770       19.9880       12.3710 
   1   H14       11.2780       19.0350       14.3970 
   1   H15       11.9020       17.5700       16.2920 
   1   H16        7.2130       17.6860       14.7520 
   1   H17        7.8360       16.2690       16.6510 
   1   H18        9.4550       15.6000       18.0020 

