Run semi-empirical minimization
 &qmmm
    qm_theory='AM1', grms_tol=0.0005,
 scfconv=1.d-10, ndiis_attempts=700,   qmcharge=2,
 /
   7    N1        0.7540        6.4340       -6.2200 
   6    C1        0.6640        6.5250       -4.7790 
   6    C2       -0.8440        6.3920       -4.4220 
   6    C3       -1.2270        6.4560       -2.9750 
   6    C4       -2.5410        6.5860       -2.3680 
   7    N2       -2.3160        6.4400       -0.9420 
   6    C5       -3.2530        6.2520       -0.0350 
   7    N3       -2.8670        6.1440        1.2190 
   7    N4       -4.5330        6.1420       -0.3430 
   6    C6        1.5950        5.5020       -4.1290 
   8    O1        1.7420        4.3610       -4.5500 
   7    N5        2.2440        5.8600       -3.0420 
   1    H1        1.7200        6.5150       -6.5030 
   1    H2        0.3880        5.5430       -6.5250 
   1    H3        0.2170        7.1800       -6.6390 
   1    H4        0.9950        7.5200       -4.4820 
   1    H5       -1.2340        5.4710       -4.8540 
   1    H6       -1.4100        7.1420       -4.9750 
   1    H7       -0.5680        7.1760       -2.4910 
   1    H8       -0.7040        5.6500       -2.4600 
   1    H9       -3.1820        5.7770       -2.7170 
   1   H10       -2.9360        7.5810       -2.5720 
   1   H11       -1.3470        6.4930       -0.6630 
   1   H12       -3.5510        5.9990        1.9470 
   1   H13       -1.8860        6.2060        1.4530 
   1   H14       -5.2170        5.9980        0.3860 
   1   H15       -4.8270        6.2020       -1.3070 
   1   H16        2.8670        5.2080       -2.5880 
   1   H17        2.1190        6.7870       -2.6620 

