Run semi-empirical minimization
 &qmmm
    qm_theory='AM1', grms_tol=0.0005,
 scfconv=1.d-10, ndiis_attempts=700,   qmcharge=1,
 /
   8    O1        7.1940       20.2920       13.0420 
   6    C1        7.4100       21.1830       12.0110 
   6    C2        7.7800       22.5880        9.5960 
   6    C3        6.3450       21.9030       11.4240 
   6    C4        6.5270       22.5860       10.2040 
   6    C5        8.6760       21.2540       11.4240 
   6    C6        8.8570       21.9460       10.2150 
   6    C7        8.0140       23.4010        8.5130 
   7    N1        9.2110       23.4430        7.8730 
   6    C8        9.1370       24.1440        6.6650 
   6    C9        7.8120       24.6580        6.8520 
   7    N2        7.0660       24.1400        7.9100 
   6   C10        7.5050       25.7430        5.9860 
   6   C11        8.3810       26.2100        4.9880 
   6   C12        9.6280       25.6040        4.8010 
   6   C13       10.0350       24.5760        5.6760 
   6   C14       10.3270       25.8590        3.6230 
   7    N3       11.4430       25.1860        3.2370 
   6   C15       12.1070       25.7940        2.1740 
   6   C16       11.2310       26.8960        2.0140 
   7    N4       10.1790       26.9900        2.9110 
   6   C17       11.5340       27.7290        0.9130 
   6   C18       12.5280       27.4360       -0.0290 
   6   C19       13.2620       26.2700        0.1140 
   6   C20       13.1060       25.4750        1.2500 
   7    N5       14.0220       25.8600       -0.9000 
   6   C21       13.4760       25.8440       -2.2410 
   6   C22       14.1690       24.9220       -3.1170 
   7    N6       15.6080       25.2720       -3.2260 
   6   C23       16.1750       25.2900       -1.8540 
   6   C24       15.4270       26.1770       -0.9850 
   6   C25       16.3930       24.4170       -4.1500 
   1    H1        8.0300       19.9020       13.3090 
   1    H2        5.3810       21.9330       11.9100 
   1    H3        5.7010       23.1060        9.7410 
   1    H4        9.5190       20.7760       11.9000 
   1    H5        9.8380       21.9800        9.7640 
   1    H6       10.0190       22.9970        8.2830 
   1    H7        6.5580       26.2540        6.0760 
   1    H8        8.0920       27.0410        4.3610 
   1    H9       11.0120       24.1220        5.5980 
   1   H10       11.7100       24.3360        3.7130 
   1   H11       10.9860       28.6480        0.7640 
   1   H12       12.7110       28.1140       -0.8490 
   1   H13       13.7460       24.6220        1.4200 
   1   H14       13.5220       26.8480       -2.6630 
   1   H15       12.4200       25.5790       -2.1990 
   1   H16       13.7130       24.9490       -4.1070 
   1   H17       14.0700       23.9090       -2.7280 
   1   H18       15.6580       26.2160       -3.5800 
   1   H19       17.2150       25.6140       -1.8950 
   1   H20       16.1600       24.2810       -1.4420 
   1   H21       15.8630       26.1570        0.0140 
   1   H22       15.5460       27.2050       -1.3290 
   1   H23       17.4310       24.7510       -4.1610 
   1   H24       16.3490       23.3810       -3.8130 
   1   H25       15.9770       24.4900       -5.1550 

