Run semi-empirical minimization
 &qmmm
    qm_theory='AM1', grms_tol=0.0005,
 scfconv=1.d-10, ndiis_attempts=700,   qmcharge=1,
 /
   6    C1       29.0390       31.4820       35.8180 
   6    C2       28.0940       30.4570       35.7080 
   6    C3       26.9650       30.6020       34.9090 
   6    C4       26.7840       31.7590       34.1680 
   6    C5       27.7090       32.7940       34.2380 
   6    C6       28.8390       32.6770       35.0870 
   7    N1       27.4850       33.8820       33.4620 
   7    N2       29.7210       33.7080       35.1700 
   6    C7       28.3850       34.8900       33.5460 
   6    C8       29.4940       34.8200       34.4200 
   6    C9       28.1870       36.0260       32.7710 
   6   C10       29.0540       37.1120       32.8710 
   6   C11       30.1300       37.0600       33.7510 
   6   C12       30.3590       35.9170       34.5210 
   6   C13       31.5270       35.9040       35.5000 
   6   C14       30.2240       31.2050       36.7110 
   8    O1       30.3650       30.1620       37.3230 
   7    N3       31.1760       32.1400       36.8210 
   6   C15       32.3810       32.0510       37.6550 
   6   C16       33.4950       31.2620       36.9380 
   7    N4       33.9060       31.8240       35.5870 
   6   C17       34.8830       30.9020       34.8820 
   7    N5       35.9680       28.5030       30.2510 
   6   C18       36.2190       29.6420       29.5990 
   8    O2       36.9800       30.4290       30.1280 
   6   C19       35.4990       29.9300       28.3090 
   6   C20       35.7710       31.1660       27.7110 
   6   C21       35.0870       31.5770       26.5740 
   6   C22       34.0800       30.7810       26.0500 
   6   C23       33.8000       29.5370       26.6040 
   7    N6       32.8130       28.8060       26.0320 
   6   C24       32.6010       27.5660       26.5310 
   6   C25       33.3940       27.0440       27.5790 
   7    N7       34.3430       27.8100       28.1820 
   6   C26       34.5490       29.0710       27.7140 
   6   C27       33.2090       25.7120       27.9820 
   6   C28       32.2220       24.9300       27.3740 
   6   C29       31.4160       25.4630       26.3740 
   6   C30       31.6080       26.7770       25.9580 
   6   C31       34.1100       25.0770       29.0350 
   6   C32       36.5070       28.1330       31.5670 
   6   C33       35.7880       28.9130       32.6860 
   7    N8       36.2020       30.3670       32.7440 
   6   C34       35.1730       31.2640       33.4040 
   1    H1       28.2340       29.5330       36.2490 
   1    H2       26.2290       29.8130       34.8660 
   1    H3       25.9190       31.8620       33.5300 
   1    H4       27.3550       36.0720       32.0840 
   1    H5       28.8900       37.9920       32.2660 
   1    H6       30.7940       37.9070       33.8420 
   1    H7       32.0750       36.8440       35.4260 
   1    H8       31.1490       35.7830       36.5150 
   1    H9       32.1940       35.0760       35.2600 
   1   H10       31.1000       33.0020       36.3000 
   1   H11       32.1360       31.5580       38.5960 
   1   H12       32.7380       33.0550       37.8850 
   1   H13       33.1820       30.2250       36.8170 
   1   H14       34.3700       31.2040       37.5860 
   1   H15       33.0880       31.9320       35.0040 
   1   H16       34.5160       29.8770       34.9370 
   1   H17       35.8200       30.8770       35.4380 
   1   H18       35.3610       27.8090       29.8400 
   1   H19       36.5230       31.8170       28.1330 
   1   H20       35.3400       32.5140       26.1010 
   1   H21       33.5050       31.1260       25.2030 
   1   H22       32.0810       23.9040       27.6800 
   1   H23       30.6440       24.8580       25.9230 
   1   H24       30.9760       27.1830       25.1820 
   1   H25       33.8020       24.0450       29.2030 
   1   H26       35.1430       25.0950       28.6880 
   1   H27       34.0300       25.6360       29.9670 
   1   H28       37.5740       28.3550       31.5980 
   1   H29       36.3730       27.0630       31.7260 
   1   H30       35.9920       28.4400       33.6460 
   1   H31       34.7100       28.8490       32.5370 
   1   H32       36.3870       30.7010       31.8090 
   1   H33       37.0800       30.4460       33.2360 
   1   H34       35.5050       32.3000       33.3440 
   1   H35       34.2440       31.2290       32.8340 

