Run semi-empirical minimization
 &qmmm
    qm_theory='AM1', grms_tol=0.0005,
 scfconv=1.d-10, ndiis_attempts=700,   qmcharge=1,
 /
   8    O1       11.1420       17.4130       16.7450 
   6    C1       10.6070       18.1310       15.8660 
   6    C2        9.5650       19.7420       13.8500 
   6    C3       11.5000       18.8450       15.0330 
   6    C4       10.9350       19.6040       14.0160 
   6    C5        9.2270       18.2120       15.6940 
   6    C6        8.6790       19.0080       14.6830 
   6    C7        9.0600       20.4360       12.7600 
   7    N1        9.8090       21.0650       11.7290 
   6    C8        8.8710       21.6090       10.8170 
   6    C9        7.5110       21.3410       11.2600 
   7    N2        7.7180       20.5980       12.4690 
   6   C10        6.4660       21.8120       10.4600 
   6   C11        6.7410       22.5420        9.2840 
   6   C12        8.0480       22.7450        8.8810 
   6   C13        9.1530       22.2870        9.7070 
   6   C14        8.4070       23.5000        7.8170 
   7    N3        9.6710       23.3780        7.1630 
   6   C15        9.7740       24.3720        6.2380 
   6   C16        8.5830       25.1920        6.3300 
   7    N4        7.7910       24.6650        7.3020 
   6   C17        8.4290       26.2350        5.5240 
   6   C18        9.4610       26.5430        4.5660 
   6   C19       10.6020       25.7440        4.4740 
   6   C20       10.7450       24.6320        5.3460 
   7    N5       11.5430       25.9590        3.5550 
   6   C21       11.2120       26.9000        2.5040 
   6   C22       12.4510       27.4600        1.9960 
   7    N6       13.2990       26.4340        1.5400 
   6   C23       13.2740       25.1720        2.0950 
   6   C24       12.3730       24.8920        3.1320 
   6   C25       13.2210       26.4260        0.1590 
   1    H1       10.4600       16.9710       17.2570 
   1    H2       12.5650       18.7830       15.2040 
   1    H3       11.6140       20.0990       13.3370 
   1    H4        8.5680       17.6570       16.3450 
   1    H5        7.6120       19.0730       14.5270 
   1    H6       10.8190       21.0540       11.7600 
   1    H7        5.4410       21.6180       10.7410 
   1    H8        5.9290       22.9440        8.6960 
   1    H9       10.1810       22.4840        9.4410 
   1   H10       10.3060       22.6370        7.4250 
   1   H11        7.5380       26.8420        5.5900 
   1   H12        9.3540       27.3970        3.9130 
   1   H13       11.6190       23.9990        5.2990 
   1   H14       10.5940       27.6990        2.9140 
   1   H15       10.6930       26.3780        1.7000 
   1   H16       12.9500       28.0170        2.7890 
   1   H17       12.2310       28.1420        1.1740 
   1   H18       14.2300       26.7740        1.7350 
   1   H19       14.2810       24.9070        2.4180 
   1   H20       13.1400       24.4380        1.3010 
   1   H21       11.7500       24.0440        2.8470 
   1   H22       12.9220       24.5030        3.9890 
   1   H23       13.8660       25.6420       -0.2370 
   1   H24       12.1920       26.2380       -0.1460 
   1   H25       13.5440       27.3920       -0.2290 

