Run semi-empirical minimization
 &qmmm
    qm_theory='AM1', grms_tol=0.0005,
 scfconv=1.d-10, ndiis_attempts=700,   qmcharge=1,
 /
   6    C1       34.0130       35.4420       34.0650 
   6    C2       32.8960       36.2850       34.0200 
   6    C3       32.3620       36.7010       32.8070 
   6    C4       32.9470       36.2830       31.6180 
   6    C5       34.0680       35.4580       31.6250 
   6    C6       34.6230       35.0350       32.8600 
   7    N1       34.5790       35.0750       30.4290 
   7    N2       35.7290       34.2420       32.8660 
   6    C7       35.6800       34.2870       30.4570 
   6    C8       36.2720       33.8810       31.6750 
   6    C9       36.2460       33.8790       29.2510 
   6   C10       37.3960       33.0940       29.2340 
   6   C11       37.9910       32.7090       30.4300 
   6   C12       37.4340       33.0930       31.6520 
   6   C13       38.1200       32.6670       32.9450 
   6   C14       34.4410       34.9860       35.4320 
   8    O1       33.9170       35.3830       36.4490 
   7    N3       35.3870       34.0490       35.5430 
   6   C15       35.8030       33.4270       36.8020 
   6   C16       34.6670       32.5580       37.3800 
   7    N4       34.1210       31.5210       36.4110 
   6   C17       33.1950       30.5360       37.0960 
   7    N5       29.2330       27.3170       35.7670 
   6   C18       30.0310       26.6120       34.9590 
   8    O2       31.0530       26.1580       35.4450 
   6   C19       29.7000       26.5100       33.4940 
   6   C20       30.6280       25.8330       32.6920 
   6   C21       30.4880       25.7910       31.3110 
   6   C22       29.4160       26.4350       30.7080 
   6   C23       28.4660       27.1040       31.4710 
   7    N6       27.4670       27.7430       30.8130 
   6   C24       26.5300       28.3600       31.5710 
   6   C25       26.5890       28.3420       32.9820 
   7    N7       27.6250       27.7430       33.6280 
   6   C26       28.5790       27.1190       32.8860 
   6   C27       25.5630       28.9480       33.7250 
   6   C28       24.5030       29.5760       33.0660 
   6   C29       24.4600       29.6120       31.6750 
   6   C30       25.4730       29.0070       30.9350 
   6   C31       25.5780       28.9140       35.2500 
   6   C32       29.4920       27.6610       37.1710 
   6   C33       30.5520       28.7780       37.2610 
   7    N8       31.9430       28.2810       36.9090 
   6   C34       32.8050       29.3280       36.2180 
   1    H1       32.4360       36.6220       34.9370 
   1    H2       31.4960       37.3460       32.7910 
   1    H3       32.5320       36.5980       30.6720 
   1    H4       35.7930       34.1720       28.3150 
   1    H5       37.8250       32.7850       28.2920 
   1    H6       38.8890       32.1090       30.4180 
   1    H7       38.9980       32.0650       32.7100 
   1    H8       38.4260       33.5520       33.5030 
   1    H9       37.4280       32.0790       33.5470 
   1   H10       35.8720       33.7210       34.7200 
   1   H11       36.0680       34.2030       37.5200 
   1   H12       36.6820       32.8060       36.6270 
   1   H13       33.8540       33.2020       37.7150 
   1   H14       35.0180       32.0590       38.2830 
   1   H15       33.6020       31.9840       35.6790 
   1   H16       32.2920       31.0540       37.4200 
   1   H17       33.6620       30.1800       38.0140 
   1   H18       28.3520       27.6710       35.4230 
   1   H19       31.4700       25.3320       33.1460 
   1   H20       31.2110       25.2590       30.7110 
   1   H21       29.3120       26.4200       29.6330 
   1   H22       23.7100       30.0380       33.6360 
   1   H23       23.6430       30.1080       31.1730 
   1   H24       25.4330       29.0430       29.8560 
   1   H25       24.7010       29.4360       35.6340 
   1   H26       25.5620       27.8790       35.5910 
   1   H27       26.4810       29.4030       35.6160 
   1   H28       29.8490       26.7780       37.7010 
   1   H29       28.5670       28.0000       37.6380 
   1   H30       30.5590       29.1910       38.2700 
   1   H31       30.2780       29.5930       36.5910 
   1   H32       31.8680       27.4650       36.3180 
   1   H33       32.4080       27.9640       37.7480 
   1   H34       33.7090       28.8550       35.8340 
   1   H35       32.2930       29.6830       35.3230 

