Run semi-empirical minimization
 &qmmm
    qm_theory='AM1', grms_tol=0.0005,
 scfconv=1.d-10, ndiis_attempts=700,   qmcharge=2,
 /
   6    C1       12.3260       18.0910       18.8110 
   7    N1       13.5280       18.1040       19.3760 
   7    N2       11.2910       18.2950       19.7170 
   7    N3       12.1380       18.5520       17.6050 
   6    C2       12.3610       18.2010       16.2530 
   6    C3       10.9570       18.4500       15.6430 
   8    O1       10.0750       17.7160       16.1420 
   7    N4       10.7590       19.4130       14.7780 
   6    C4        9.4890       19.7060       14.1740 
   6    C5        9.3110       20.4980       13.1310 
   6    C6        7.9310       20.4730       12.7840 
   7    N5        7.3490       19.6780       13.6760 
   6    C7        5.9610       19.1920       13.9120 
   6    C8        8.3110       19.1560       14.5420 
   6    C9        7.3690       21.3130       11.7010 
   8    O2        6.2870       21.9090       11.6360 
   7    N6        8.2010       21.6030       10.6850 
   6   C10        7.8730       22.5490        9.6420 
   6   C11        8.8630       22.9810        8.7170 
   6   C12        8.3140       23.9440        7.9170 
   7    N7        6.9880       24.0820        8.3890 
   6   C13        6.0390       25.0160        7.8050 
   6   C14        6.7580       23.2870        9.4450 
   6   C15        8.6900       24.7230        6.7820 
   8    O3        8.0860       25.7220        6.3490 
   7    N8        9.7770       24.2990        6.0740 
   6   C16       10.0700       25.1750        4.8540 
   6   C17       10.8400       24.4620        3.7850 
   6   C18       11.5440       25.4400        2.8470 
   7    N9       11.1400       26.7210        2.8530 
   7   N10       12.3630       24.9670        1.9610 
   1    H1       14.3530       17.9660       18.8110 
   1    H2       13.6170       18.2520       20.3710 
   1    H3       10.3330       18.3050       19.3960 
   1    H4       11.4970       18.4340       20.6960 
   1    H5       11.6940       19.4490       17.4710 
   1    H6       12.5930       17.1380       16.1940 
   1    H7       13.0710       18.9020       15.8140 
   1    H8       11.5270       20.0050       14.4970 
   1    H9       10.1520       21.0230       12.7020 
   1   H10        5.9480       18.5390       14.7840 
   1   H11        5.3020       20.0430       14.0860 
   1   H12        5.6160       18.6380       13.0390 
   1   H13        8.2740       18.4610       15.3680 
   1   H14        9.1030       21.1520       10.6260 
   1   H15        9.8510       22.5450        8.7410 
   1   H16        5.0870       24.9450        8.3320 
   1   H17        6.4270       26.0310        7.8920 
   1   H18        5.8900       24.7730        6.7530 
   1   H19        5.9050       23.1600       10.0950 
   1   H20       10.2910       23.4840        6.3780 
   1   H21       10.6230       26.0600        5.1680 
   1   H22        9.1320       25.5440        4.4390 
   1   H23       10.1620       23.8310        3.2090 
   1   H24       11.5790       23.8060        4.2460 
   1   H25       11.5850       27.3940        2.2450 
   1   H26       10.3920       27.0120        3.4660 
   1   H27       12.8410       25.5940        1.3290 
   1   H28       12.5240       23.9720        1.9020 

