Run semi-empirical minimization
 &qmmm
    qm_theory='AM1', grms_tol=0.0005,
 scfconv=1.d-10, ndiis_attempts=700,   qmcharge=4,
 /
   7    N1       30.3590       23.7140        3.0920 
   6    C1       28.9960       24.1790        3.1870 
   6    C2       28.1350       23.4280        2.1980 
   6    C3       26.6720       23.8160        2.2220 
   7    N2       25.7360       22.7340        1.7260 
   6    C4       24.5520       22.4670        2.6290 
   6    C5       23.2490       23.1470        2.2570 
   6    C6       23.3120       24.0900        1.0810 
   6    C7       23.9810       25.4520        1.3900 
   7    N3       24.0610       25.6840        2.9430 
   6    C8       24.2430       27.1690        3.2680 
   6    C9       23.9820       28.0600        2.0590 
   6   C10       25.2470       28.4710        1.2790 
   7    N4       25.0510       29.8550        0.8330 
   1    H1       30.9340       24.2170        3.7530 
   1    H2       30.3930       22.7260        3.2990 
   1    H3       30.7050       23.8730        2.1570 
   1    H4       28.9600       25.2450        2.9640 
   1    H5       28.6230       24.0070        4.1970 
   1    H6       28.2280       22.3570        2.3790 
   1    H7       28.5300       23.5720        1.1920 
   1    H8       26.5280       24.7190        1.6280 
   1    H9       26.3900       24.1010        3.2360 
   1   H10       26.2550       21.8780        1.5930 
   1   H11       25.4050       22.9750        0.8030 
   1   H12       24.8150       22.7310        3.6530 
   1   H13       24.3890       21.3920        2.6980 
   1   H14       22.8610       23.6800        3.1250 
   1   H15       22.4880       22.3890        2.0700 
   1   H16       22.3050       24.2600        0.7000 
   1   H17       23.8400       23.6070        0.2590 
   1   H18       23.4010       26.2530        0.9330 
   1   H19       24.9860       25.4670        0.9690 
   1   H20       24.8370       25.1590        3.3220 
   1   H21       23.2140       25.3460        3.3770 
   1   H22       25.2560       27.3390        3.6310 
   1   H23       23.5680       27.4480        4.0770 
   1   H24       23.4480       28.9550        2.3790 
   1   H25       23.2890       27.5580        1.3840 
   1   H26       25.3640       27.8230        0.4100 
   1   H27       26.1120       28.4220        1.9400 
   1   H28       25.8630       30.1610        0.3160 
   1   H29       24.2360       29.9060        0.2390 
   1   H30       24.9190       30.4530        1.6370 

