Run semi-empirical minimization
 &qmmm
    qm_theory='AM1', grms_tol=0.0005,
 scfconv=1.d-10, ndiis_attempts=700,   qmcharge=2,
 /
   6    C1        7.5590       16.2250       15.3070 
   6    C2        7.7330       17.9450       16.9890 
   6    C3        8.3390       17.4730       15.6880 
   7    N1        8.0240       18.3590       14.7430 
   6    C4        8.8040       19.2380       14.0810 
   7    N2       10.0980       19.4020       14.3900 
   6    C5        7.3210       21.5470       10.8440 
   6    C6        8.6670       21.1740       10.9140 
   6    C7        9.1600       20.4440       11.9900 
   6    C8        8.2580       20.0890       13.0020 
   6    C9        6.8850       20.4570       12.9250 
   6   C10        6.4040       21.1930       11.8320 
   6   C11        6.9700       22.3320        9.7180 
   6   C12        5.7920       22.8980        9.3050 
   6   C13        6.0830       23.6030        8.0750 
   6   C14        7.4260       23.4050        7.8180 
   8    O1        8.0030       22.6120        8.8190 
   6   C15        8.2590       23.8700        6.7300 
   6   C16        9.5970       23.5260        6.6880 
   6   C17       10.4030       23.9390        5.6350 
   6   C18        9.8250       24.7040        4.6410 
   6   C19        8.4750       25.0720        4.6650 
   6   C20        7.6930       24.6570        5.7120 
   6   C21       10.5890       25.1230        3.4640 
   7    N3       11.6570       24.4280        3.0210 
   7    N4       10.1230       26.2580        2.9310 
   6   C22       10.4500       26.8590        1.8140 
   6   C23       11.9040       27.3000        1.8860 
   6   C24        9.4180       27.9860        1.7020 
   1    H1        7.9460       15.8260       14.3690 
   1    H2        7.6660       15.4760       16.0910 
   1    H3        6.5050       16.4770       15.1870 
   1    H4        8.2480       18.8450       17.3250 
   1    H5        6.6760       18.1660       16.8390 
   1    H6        7.8370       17.1650       17.7430 
   1    H7        9.4120       17.2960       15.7610 
   1    H8        7.6360       17.8770       13.9450 
   1    H9        9.0660       18.4700       13.3540 
   1   H10       10.5040       20.1000       13.7830 
   1   H11       10.1800       19.7030       15.3510 
   1   H12       10.5870       18.5270       14.2690 
   1   H13        9.3470       21.4530       10.1220 
   1   H14       10.2040       20.1710       12.0240 
   1   H15        6.2040       20.1690       13.7120 
   1   H16        5.3690       21.4850       11.7380 
   1   H17        4.8930       22.7600        9.8880 
   1   H18        5.2990       24.1410        7.5620 
   1   H19       10.0260       22.9300        7.4790 
   1   H20       11.4460       23.6610        5.6120 
   1   H21        8.0650       25.6730        3.8670 
   1   H22        6.6490       24.9300        5.7580 
   1   H23        9.9310       24.5400        2.8190 
   1   H24       12.0390       24.8820        2.2030 
   1   H25       12.3600       24.3930        3.7450 
   1   H26       11.3730       23.4890        2.7820 
   1   H27        9.1300       26.1710        2.7680 
   1   H28       10.3230       26.1680        0.9810 
   1   H29       12.1790       27.8000        0.9580 
   1   H30       12.0350       27.9880        2.7210 
   1   H31       12.5420       26.4280        2.0310 
   1   H32        9.6010       28.5580        0.7930 
   1   H33        8.4160       27.5590        1.6660 
   1   H34        9.5020       28.6430        2.5670 

