Run semi-empirical minimization
 &qmmm
    qm_theory='AM1', grms_tol=0.0005,
 scfconv=1.d-10, ndiis_attempts=700,   qmcharge=1,
 /
   6    C1        8.5470       19.4690       13.6830 
   6    C2        8.5600       21.2150       11.2010 
   6    C3        9.7420       19.9640       13.0300 
   6    C4        9.7390       20.8090       11.8310 
   6    C5        7.3400       19.9480       12.9530 
   6    C6        7.3420       20.7960       11.7510 
   7    N1        8.5800       18.5930       14.9140 
   6    C7        8.6320       22.0600        9.9900 
   6    C8        9.5360       22.9910        8.1290 
   6    C9        8.2180       23.4500        8.3280 
   6   C10        7.5930       24.3960        7.4120 
   6   C11        8.3930       24.8370        6.2850 
   6   C12        9.7380       24.3610        6.0900 
   6   C13       10.3260       23.4410        7.0000 
   7    N2        9.7530       22.1090        9.2140 
   7    N3        7.7180       22.8690        9.4480 
   6   C14       10.4730       24.8550        4.9090 
   6   C15       12.0100       25.0360        3.1980 
   6   C16       11.0710       26.1020        3.1760 
   6   C17       11.1110       27.1560        2.1710 
   6   C18       12.1810       27.0610        1.1840 
   6   C19       13.1650       25.9590        1.2000 
   7    N4       11.6020       24.2550        4.3210 
   7    N5       10.2190       25.9190        4.1960 
   6   C20       13.0860       24.9490        2.2010 
   7    N6       14.2540       25.8380        0.2130 
   7    N7       16.3010       25.6720       -1.8960 
   6   C21       15.4690       24.9130        0.4060 
   6   C22       16.0870       24.4390       -0.9100 
   6   C23       14.9740       26.4150       -2.1850 
   6   C24       14.4160       26.9440       -0.8420 
   6   C25       16.8790       25.4300       -3.2010 
   6   C26        7.6300       17.8690       15.8870 
   6   C27        9.6340       17.9670       15.8400 
   1    H1       10.7160       19.7140       13.4250 
   1    H2       10.6960       21.1180       11.4370 
   1    H3        6.3550       19.6740       13.3000 
   1    H4        6.4110       21.0960       11.2930 
   1    H5        6.5830       24.7330        7.5900 
   1    H6        7.9820       25.5360        5.5720 
   1    H7       11.3340       23.0770        6.8670 
   1    H8       10.5640       21.5600        9.4630 
   1    H9       10.3740       27.9460        2.1870 
   1   H10       12.2710       27.8100        0.4110 
   1   H11       11.9840       23.4060        4.7120 
   1   H12       13.7930       24.1330        2.2390 
   1   H13       16.9070       26.3260       -1.4220 
   1   H14       15.1740       24.0480        1.0000 
   1   H15       16.2260       25.4290        0.9960 
   1   H16       17.0470       23.9630       -0.7100 
   1   H17       15.4270       23.7090       -1.3790 
   1   H18       14.2590       25.7220       -2.6270 
   1   H19       15.1660       27.2540       -2.8540 
   1   H20       15.0770       27.7190       -0.4550 
   1   H21       13.4530       27.4240       -1.0140 
   1   H22       16.9560       26.3710       -3.7450 
   1   H23       17.8720       24.9960       -3.0840 
   1   H24       16.2450       24.7400       -3.7580 
   1   H25        8.2140       17.3480       16.6450 
   1   H26        6.9780       18.5980       16.3690 
   1   H27        7.0250       17.1490       15.3360 
   1   H28        9.1370       17.3940       16.6220 
   1   H29       10.2800       17.3070       15.2620 
   1   H30       10.2340       18.7560       16.2940 

