Run semi-empirical minimization
 &qmmm
    qm_theory='AM1', grms_tol=0.0005,
 scfconv=1.d-10, ndiis_attempts=700,   qmcharge=1,
 /
   6    C1       -5.9520       -0.8670        1.7990 
   6    C2       -4.3100        1.1410        1.0480 
   6    C3       -4.4770       -0.3920        1.4360 
   6    C4       -6.1340        2.6280        2.3040 
   6    C5       -3.9700       -1.0970        0.1410 
   6    C6       -3.9940        1.1860       -0.4890 
   6    C7       -5.4970        2.1340        1.1520 
   6    C8       -6.2820       -1.2710        3.1010 
   6    C9       -3.7310       -0.2310       -0.8740 
   6   C10       -3.4430       -0.6600        2.5820 
   6   C11       -5.9650        2.4990       -0.1120 
   6   C12       -6.9430       -0.8390        0.8080 
   6   C13       -8.2580       -1.1920        1.1010 
   6   C14       -7.6960        3.8400        0.8630 
   6   C15       -8.5820       -1.5990        2.4030 
   6   C16       -7.5990       -1.6400        3.3960 
   6   C17       -7.2320        3.4880        2.1630 
   6   C18       -3.9140       -1.0560        3.9570 
   6   C19       -7.0630        3.3320       -0.2570 
   6   C20       -7.8800        3.9990        3.2860 
   6   C21       -5.1700        1.8690       -1.2290 
   6   C22       -5.2270       -1.3280        4.2060 
   6   C23       -9.4230        5.2070        1.8420 
   6   C24       -8.7840        4.6950        0.7170 
   6   C25       -8.9790        4.8610        3.1240 
   6   C26       -4.8270        2.9410       -3.5770 
   8    O1       -5.8790        2.0770       -4.1540 
   6   C27       -7.2640        2.3640       -3.7800 
   6   C28       -7.5780        3.8190       -4.1680 
   8    O2       -7.4920        3.9810       -5.5570 
   6   C29       -6.5910        4.7670       -3.5420 
   8    O3       -6.8990        6.0890       -3.9540 
   6   C30       -5.1460        4.4040       -3.9270 
   7    N1       -4.2190        5.2830       -3.2340 
   6   C31       -8.2190        1.3770       -4.4670 
   8    O4       -4.7070        2.8870       -2.1240 
   6   C32       -3.5060        6.4610       -3.7850 
   8    O5       -9.1960       -1.1080        0.0720 
   6   C33       -9.2780        0.0280       -0.8190 
   8    O6       -2.2420       -0.4940        2.3620 
   1    H1       -3.4600        1.5510        1.5940 
   1    H2       -5.7760        2.3440        3.2830 
   1    H3       -3.8050       -2.1550       -0.0010 
   1    H4       -3.0880        1.7710       -0.6480 
   1    H5       -3.3890       -0.6000       -1.8300 
   1    H6       -6.6910       -0.5410       -0.1990 
   1    H7       -9.5960       -1.8830        2.6430 
   1    H8       -7.8600       -1.9580        4.3940 
   1    H9       -3.2070       -1.1290        4.7700 
   1   H10       -7.4230        3.5840       -1.2440 
   1   H11       -7.5370        3.7320        4.2750 
   1   H12       -5.7710        1.1320       -1.7620 
   1   H13       -5.5140       -1.5890        5.2140 
   1   H14      -10.2650        5.8740        1.7280 
   1   H15       -9.1330        4.9620       -0.2700 
   1   H16       -9.4850        5.2600        3.9910 
   1   H17       -3.8680        2.6730       -4.0200 
   1   H18       -7.3660        2.2580       -2.7000 
   1   H19       -8.5850        4.0730       -3.8360 
   1   H20       -7.6900        4.8920       -5.7860 
   1   H21       -6.6890        4.7070       -2.4580 
   1   H22       -6.2740        6.7020       -3.5590 
   1   H23       -5.0240        4.5420       -5.0010 
   1   H24       -3.5430        4.7060       -2.7540 
   1   H25       -4.6440        5.5570       -2.3600 
   1   H26       -9.2450        1.6030       -4.1790 
   1   H27       -8.1180        1.4660       -5.5490 
   1   H28       -7.9730        0.3600       -4.1620 
   1   H29       -2.8840        6.9060       -3.0080 
   1   H30       -2.8770        6.1490       -4.6190 
   1   H31       -4.2320        7.1950       -4.1340 
   1   H32      -10.0820       -0.1310       -1.5380 
   1   H33       -9.4800        0.9300       -0.2410 
   1   H34       -8.3330        0.1420       -1.3510 

