Run semi-empirical minimization
 &qmmm
    qm_theory='AM1', grms_tol=0.0005,
 scfconv=1.d-10, ndiis_attempts=700,   qmcharge=1,
 /
   6    C1        8.6410       19.7810       13.5070 
   6    C2        8.6490       21.5550       10.9890 
   6    C3        9.8130       20.2380       12.8160 
   6    C4        9.8120       21.0870       11.6110 
   6    C5        7.4380       20.3100       12.8060 
   6    C6        7.4240       21.1590       11.6000 
   7    N1        8.6400       18.8920       14.7550 
   6    C7        8.7800       22.4150        9.7540 
   6    C8        9.6800       23.3220        7.8570 
   6    C9        8.4210       23.8690        8.1350 
   6   C10        7.8120       24.8950        7.2730 
   6   C11        8.5850       25.3090        6.1160 
   6   C12        9.8630       24.7370        5.8520 
   6   C13       10.4130       23.7570        6.7040 
   7    N2        9.8870       22.3810        8.9250 
   7    N3        7.9360       23.2970        9.2680 
   6   C14       10.5980       25.1720        4.6820 
   6   C15       12.1460       25.2370        3.0450 
   6   C16       11.2230       26.3030        2.9550 
   6   C17       11.2950       27.3040        1.9150 
   6   C18       12.3950       27.1610        0.9410 
   6   C19       13.3640       26.0450        1.0410 
   7    N4       11.7190       24.5250        4.1620 
   7    N5       10.3560       26.1950        3.9390 
   6   C20       13.2310       25.0970        2.0860 
   7    N6       14.4590       25.9380        0.0430 
   7    N7       16.7400       25.7450       -1.9400 
   6   C21       15.6800       24.9980        0.2470 
   6   C22       16.3020       24.5750       -1.1300 
   6   C23       15.5070       26.6710       -2.2230 
   6   C24       14.8740       27.1370       -0.8910 
   6   C25       17.2510       25.3750       -3.1930 
   6   C26        7.6300       18.2350       15.7080 
   6   C27        9.6370       18.1980       15.6900 
   6   C28        6.0480       21.5860       11.0430 
   1    H1       10.7930       19.9610       13.1740 
   1    H2       10.7810       21.3450       11.2090 
   1    H3        6.4510       20.0780       13.1780 
   1    H4        6.8400       25.2980        7.5170 
   1    H5        8.1930       26.0580        5.4440 
   1    H6       11.3830       23.3340        6.4900 
   1    H7       10.6550       21.7590        9.1330 
   1    H8       10.5670       28.1010        1.8810 
   1    H9       12.5030       27.8770        0.1390 
   1   H10       12.0710       23.6890        4.6060 
   1   H11       13.9270       24.2760        2.1740 
   1   H12       17.4410       26.2640       -1.4300 
   1   H13       15.3660       24.1080        0.7920 
   1   H14       16.4350       25.5090        0.8450 
   1   H15       17.1520       23.9160       -0.9560 
   1   H16       15.5710       23.9960       -1.6950 
   1   H17       14.7660       26.1220       -2.8040 
   1   H18       15.8300       27.5410       -2.7950 
   1   H19       15.5760       27.7820       -0.3620 
   1   H20       13.9990       27.7520       -1.1010 
   1   H21       17.5550       26.2670       -3.7400 
   1   H22       18.1130       24.7230       -3.0560 
   1   H23       16.4830       24.8470       -3.7580 
   1   H24        8.1650       17.6760       16.4760 
   1   H25        7.0190       19.0060       16.1790 
   1   H26        6.9880       17.5560       15.1460 
   1   H27        9.0940       17.6600       16.4670 
   1   H28       10.2430       17.4950       15.1180 
   1   H29       10.2840       18.9450       16.1510 
   1   H30        5.2580       21.1690       11.6670 
   1   H31        5.9760       22.6740       11.0450 
   1   H32        5.9380       21.2170       10.0230 

