Run semi-empirical minimization
 &qmmm
    qm_theory='AM1', grms_tol=0.0005,
 scfconv=1.d-10, ndiis_attempts=700,   qmcharge=1,
 /
   6    C1       -1.7680        8.4280       -2.0370 
   6    C2       -3.1170        8.4060       -1.7290 
   6    C3       -3.5390        8.2950       -0.4120 
   6    C4       -2.5860        8.2060        0.5980 
   6    C5       -1.2250        8.2290        0.2860 
   6    C6       -0.8200        8.3410       -1.0380 
   7    N1       -0.3630        8.1380        1.3190 
   7    N2        0.5250        8.3610       -1.3020 
   6    C7        0.9490        8.1610        1.0140 
   6    C8        1.4290        8.2710       -0.2780 
   6    C9        1.8470        8.0670        2.0750 
   6   C10        3.2210        8.0840        1.8390 
   6   C11        3.6910        8.1980        0.5350 
   6   C12        2.8270        8.2890       -0.5060 
   6   C13        3.3620        8.4210       -1.9300 
   6   C14       -1.3890        8.5370       -3.4950 
   8    O1       -0.5100        7.8300       -3.9830 
   7    N3       -2.0410        9.4140       -4.2100 
   6   C15       -1.4880        9.8650       -5.5190 
   6   C16       -0.0650       10.3390       -5.2080 
   7    N4       -0.2250       11.5240       -4.3130 
   6   C17       -0.7760       12.6200       -5.1810 
   7    N5       -3.2610       16.7020       -5.6210 
   6   C18       -2.9840       17.7900       -4.9530 
   8    O2       -3.8090       18.6900       -4.8120 
   6   C19       -1.5990       17.8920       -4.3610 
   6   C20       -0.5300       17.9170       -5.2390 
   6   C21        0.7700       17.9970       -4.7650 
   6   C22        0.9870       18.0530       -3.3900 
   6   C23       -0.0940       18.0280       -2.5050 
   7    N6        0.1950       18.0850       -1.1880 
   6   C24       -0.8540       18.0600       -0.3380 
   6   C25       -2.1700       17.9820       -0.7570 
   7    N7       -2.4230       17.9260       -2.1010 
   6   C26       -1.3890       17.9480       -3.0000 
   6   C27       -3.2110       17.9610        0.2020 
   6   C28       -2.9220       18.0170        1.5260 
   6   C29       -1.6040       18.0950        1.9620 
   6   C30       -0.5700       18.1170        1.0260 
   6   C31       -4.6640       17.8760       -0.2540 
   6   C32       -3.5140       15.4250       -4.8940 
   6   C33       -2.1600       15.0480       -4.2830 
   7    N8       -2.3480       13.6880       -3.6930 
   6   C34       -2.2710       12.7320       -4.8380 
   1    H1       -3.8520        8.4760       -2.5170 
   1    H2       -4.5940        8.2790       -0.1830 
   1    H3       -2.8980        8.1190        1.6280 
   1    H4        1.4800        7.9800        3.0870 
   1    H5        3.9120        8.0090        2.6660 
   1    H6        4.7540        8.2150        0.3440 
   1    H7        4.4520        8.4170       -1.9110 
   1    H8        3.0060        7.5840       -2.5310 
   1    H9        3.0100        9.3560       -2.3650 
   1   H10       -2.9190        9.7860       -3.8760 
   1   H11       -2.0760       10.7050       -5.8900 
   1   H12       -1.4450        9.0180       -6.2040 
   1   H13        0.4240       10.6470       -6.1320 
   1   H14        0.4700        9.5530       -4.6750 
   1   H15        0.6790       11.8000       -3.9580 
   1   H16       -0.8900       11.3070       -3.5850 
   1   H17       -0.6650       12.3420       -6.2290 
   1   H18       -0.2780       13.5590       -4.9390 
   1   H19       -3.3040       16.7260       -6.6300 
   1   H20       -0.7050       17.8740       -6.3040 
   1   H21        1.5980       18.0150       -5.4590 
   1   H22        1.9940       18.1160       -3.0040 
   1   H23       -3.7200       18.0010        2.2540 
   1   H24       -1.3870       18.1380        3.0190 
   1   H25        0.4550       18.1780        1.3620 
   1   H26       -5.3190       17.8710        0.6170 
   1   H27       -4.9000       18.7360       -0.8800 
   1   H28       -4.8130       16.9600       -0.8250 
   1   H29       -3.8150       14.6570       -5.6070 
   1   H30       -4.2340       15.6010       -4.0950 
   1   H31       -1.9110       15.7550       -3.4910 
   1   H32       -1.4080       15.0000       -5.0710 
   1   H33       -1.6180       13.5100       -3.0180 
   1   H34       -2.6430       11.7580       -4.5210 
   1   H35       -2.8080       13.1460       -5.6910 

