Run semi-empirical minimization
 &qmmm
    qm_theory='AM1', grms_tol=0.0005,
 scfconv=1.d-10, ndiis_attempts=700,   qmcharge=0,
 /
   6    C1       30.8000       26.5500       33.5700 
   6    C2       31.8400       27.3200       32.9700 
   6    C3       32.3900       27.0100       31.7300 
   6    C4       31.8700       25.9300       30.9500 
   6    C5       30.7800       25.2100       31.5200 
   6    C6       30.3300       25.4200       32.8500 
   6    C7       31.7200       28.1700       35.0500 
   6    C8       32.0800       28.5900       36.3200 
   6    C9       32.6400       29.8500       36.7300 
   6   C10       35.9700       36.9400       42.7700 
   6   C11       35.6500       37.2700       41.4700 
   6   C12       35.8700       38.5900       40.9600 
   6   C13       36.5300       39.5000       41.8300 
   6   C14       36.9500       39.0900       43.1100 
   6   C15       36.7700       37.7500       43.5600 
   6   C16       35.0800       35.0200       41.5200 
   6   C17       34.3800       33.8400       41.2000 
   6   C18       34.1400       33.2700       39.9000 
   6   C19       33.3900       31.0500       40.7900 
   6   C20       33.6200       31.9200       39.6700 
   6   C21       33.4300       31.4600       38.3600 
   6   C22       32.9400       30.2100       38.0600 
   6   C23       32.9100       29.3000       39.1300 
   6   C24       33.0300       29.7600       40.4700 
   8    O1       32.6400       28.0600       39.0500 
  16    S1       35.6900       35.2800       43.1600 
  16    S2       30.3600       26.9900       35.1900 
   7    N1       35.0200       36.2000       40.7600 
   7    N2       32.3500       28.3000       33.8100 
   6   C25       34.8100       36.4200       39.3200 
   6   C26       33.6600       29.0100       33.4600 
   1    H1       33.2180       27.5870       31.3470 
   1    H2       32.3030       25.7010       29.9880 
   1    H3       30.2580       24.4680       30.9340 
   1    H4       29.6390       24.7330       33.3150 
   1    H5       31.9490       27.9300       37.1650 
   1    H6       32.8630       30.6070       35.9930 
   1    H7       35.5390       38.8460       39.9640 
   1    H8       36.7130       40.5160       41.5110 
   1    H9       37.4210       39.7980       43.7760 
   1   H10       37.2170       37.3550       44.4600 
   1   H11       33.9440       33.2410       41.9860 
   1   H12       34.3460       33.8470       39.0110 
   1   H13       33.5030       31.4240       41.7970 
   1   H14       33.6720       32.0980       37.5230 
   1   H15       32.8240       29.0470       41.2540 
   1   H16       32.6880       27.6650       39.9230 
   1   H17       34.3260       35.5450       38.8850 
   1   H18       34.1770       37.2950       39.1740 
   1   H19       35.7710       36.5830       38.8330 
   1   H20       33.8960       29.7410       34.2340 
   1   H21       34.4650       28.2780       33.3950 
   1   H22       33.5540       29.5180       32.5010 

