Run semi-empirical minimization
 &qmmm
    qm_theory='AM1', grms_tol=0.0005,
 scfconv=1.d-10, ndiis_attempts=700,   qmcharge=1,
 /
   6    C1       10.6570       18.0600       16.8560 
   8    O1       11.1220       17.6870       17.9920 
   6    C2       11.6360       18.3720       15.8540 
   6    C3       11.1430       18.7950       14.6120 
   6    C4        9.7680       18.9270       14.3060 
   6    C5        8.7820       18.5820       15.3220 
   6    C6        9.2550       18.1630       16.5910 
   6    C7        9.3860       19.7850       13.2630 
   7    N1       10.2230       20.5280       12.3730 
   6    C8        9.3390       21.2350       11.4900 
   6    C9        7.9290       20.9470       11.8150 
   7    N2        8.0370       20.0480       12.9180 
   6   C10        6.9120       21.5630       11.0780 
   6   C11        7.2510       22.4300       10.0420 
   6   C12        8.6180       22.7460        9.7700 
   6   C13        9.6860       22.0770       10.4870 
   6   C14        9.0130       23.5180        8.7270 
   7    N3       10.2690       23.4110        7.9960 
   6   C15       10.2260       24.3020        6.9270 
   6   C16        8.9100       24.9720        6.9870 
   7    N4        8.2170       24.4790        8.0630 
   6   C17        8.5560       25.9200        6.1040 
   6   C18        9.4940       26.2900        5.0610 
   6   C19       10.7440       25.6330        4.9940 
   6   C20       11.1190       24.6100        5.9440 
   7    N5       11.6280       25.9200        4.0250 
   6   C21       11.3580       27.0660        3.1810 
   6   C22       12.6710       27.5460        2.7160 
   7    N6       13.4620       26.4990        2.1390 
   6   C23       13.0410       25.1320        2.2050 
   6   C24       12.2570       24.8110        3.3340 
   6   C25       13.6030       26.8650        0.8240 
   6   C26       12.4290       17.9210       18.6030 
   6   C27       12.4420       17.2390       19.9780 
   1    H1       12.6880       18.2750       16.0780 
   1    H2       11.8280       19.0440       13.8150 
   1    H3        7.7280       18.6500       15.0970 
   1    H4        8.5400       17.9200       17.3630 
   1    H5       11.2280       20.4740       12.4610 
   1    H6        5.8770       21.3640       11.3150 
   1    H7        6.4770       22.8720        9.4330 
   1    H8       10.7280       22.2300       10.2460 
   1    H9       10.9800       22.7640        8.3060 
   1   H10        7.5880       26.3920        6.1780 
   1   H11        9.2340       27.0590        4.3480 
   1   H12       12.0670       24.0960        5.8950 
   1   H13       10.8760       27.8450        3.7720 
   1   H14       10.7630       26.7520        2.3240 
   1   H15       13.2110       27.9900        3.5520 
   1   H16       12.5280       28.3390        1.9820 
   1   H17       14.3780       26.5500        2.5620 
   1   H18       13.9160       24.4830        2.1770 
   1   H19       12.4890       24.8800        1.2990 
   1   H20       11.4940       24.0880        3.0470 
   1   H21       12.8620       24.2440        4.0420 
   1   H22       14.1990       26.1170        0.3000 
   1   H23       12.6200       26.9370        0.3590 
   1   H24       14.1030       27.8320        0.7670 
   1   H25       12.5850       18.9930       18.7280 
   1   H26       13.2060       17.4860       17.9750 
   1   H27       13.4090       17.4000       20.4550 
   1   H28       11.6550       17.6630       20.6020 
   1   H29       12.2710       16.1690       19.8550 

