Run semi-empirical minimization
 &qmmm
    qm_theory='AM1', grms_tol=0.0005,
 scfconv=1.d-10, ndiis_attempts=700,   qmcharge=2,
 /
   6    C1       10.4360       24.6040        9.6670 
   7    N1       11.0170       23.4340        9.4340 
   7    N2       10.9300       25.7240        9.1270 
   7    N3        9.3570       24.7430       10.4200 
   6    C2        8.4340       23.6410       10.6560 
   6    C3        7.2910       24.1920       11.4270 
   8    O1        7.2320       25.5500       11.6770 
   7    N4        6.4150       23.3520       11.8630 
   6    C4        5.3250       23.7710       12.5540 
   6    C5        4.6180       22.9280       13.3320 
   6    C6        3.5790       23.6160       13.8810 
   7    N5        3.6590       24.8800       13.4240 
   6    C7        2.7530       26.0400       13.7160 
   6    C8        4.7150       25.0100       12.6130 
   6    C9        2.4870       23.0080       14.6060 
   8    O2        1.3150       23.7510       14.6380 
   7    N6        2.6000       21.8480       15.1930 
   6   C10        1.5770       21.2120       15.8950 
   6   C11        1.8160       20.2260       16.8010 
   6   C12        0.5900       19.8160       17.3060 
   7    N7       -0.3920       20.5170       16.6940 
   6   C13       -1.8820       20.3740       16.9010 
   6   C14        0.1840       21.3850       15.8270 
   6   C15        0.4600       18.6470       18.1830 
   8    O3       -0.7050       17.9490       18.1590 
   7    N8        1.4360       18.2420       18.9820 
   6   C16        1.2810       17.0750       19.8470 
   6   C17        1.4670       15.8030       19.0560 
   6   C18        1.3790       14.5800       19.9390 
   7    N9        0.1580       14.0710       20.1330 
   7   N10        2.4210       14.0170       20.4920 
   1    H1       10.6390       22.5920        9.8450 
   1    H2       11.8370       23.3860        8.8460 
   1    H3       10.4830       26.6120        9.3080 
   1    H4       11.7500       25.6820        8.5380 
   1    H5        9.1530       25.6330       10.8510 
   1    H6        8.9320       22.8710       11.2460 
   1    H7        8.0760       23.2570        9.7010 
   1    H8        6.5340       22.3640       11.6920 
   1    H9        4.9230       21.8960       13.4270 
   1   H10        3.1070       26.9210       13.1810 
   1   H11        1.7400       25.8010       13.3920 
   1   H12        2.7530       26.2410       14.7870 
   1   H13        5.1240       25.8400       12.0560 
   1   H14        3.4760       21.3470       15.1570 
   1   H15        2.8290       19.9100       17.0010 
   1   H16       -2.4080       21.0820       16.2600 
   1   H17       -2.1890       19.3590       16.6480 
   1   H18       -2.1260       20.5780       17.9440 
   1   H19       -0.2370       22.1200       15.1560 
   1   H20        2.3120       18.7430       19.0030 
   1   H21        0.2860       17.0830       20.2930 
   1   H22        2.0200       17.1160       20.6480 
   1   H23        2.4370       15.8230       18.5600 
   1   H24        0.7050       15.7450       18.2790 
   1   H25        0.0380       13.2540       20.7140 
   1   H26       -0.6440       14.5040       19.6980 
   1   H27        2.3040       13.2000       21.0740 
   1   H28        3.3430       14.3990       20.3370 

