Run semi-empirical minimization
 &qmmm
    qm_theory='AM1', grms_tol=0.0005,
 scfconv=1.d-10, ndiis_attempts=700,   qmcharge=0,
 /
   7    N1        0.4910        5.0680       -2.2700 
   7    N2       -1.8390        4.9830       -0.8590 
   6    C1        2.8560        5.4480       -2.5250 
   6    C2        2.9600        5.7910       -1.1650 
   6    C3       -0.7090        5.3180       -0.1290 
   6    C4        1.4540        4.6510       -4.5110 
   6    C5       -3.1880        4.7920       -0.4630 
   6    C6       -3.7380        5.4130        0.6710 
   6    C7       -4.0020        3.9810       -1.2650 
   6    C8       -8.0490        3.3600       -0.2740 
   6    C9       -6.1570        2.9780       -1.7480 
   6   C10       -1.7930        2.8720       -8.3210 
   6   C11        0.2390        3.6260       -7.2390 
   6   C12       -3.8760        2.8050       -7.0370 
   6   C13       -3.8680        2.0890       -9.3570 
   6   C14       -5.6100        5.9190        2.2190 
   6   C15        1.8010        5.7500       -0.3700 
   6   C16        0.5720        5.3800       -0.9520 
   6   C17        1.6030        5.0820       -3.0540 
   8    O1       -0.7530        5.5320        1.0740 
   7    N3        0.1460        4.3450       -4.8540 
   8    O2        2.3900        4.5700       -5.2950 
   6   C18       -0.4600        3.8500       -6.0390 
   7    N4       -5.0780        5.2220        1.0330 
   6   C19       -5.8870        4.3900        0.2330 
   6   C20       -5.3460        3.7790       -0.9220 
   6   C21       -7.2470        4.1690        0.5490 
   6   C22       -7.5060        2.7660       -1.4240 
   6   C23       -1.8350        3.5800       -5.9870 
   6   C24       -2.5000        3.0870       -7.1170 
   7    N5       -0.4150        3.1590       -8.3890 
   6   C25       -4.5600        2.3050       -8.1550 
   6   C26       -2.4930        2.3700       -9.4420 
   6   C27        0.3400        3.0280       -9.6500 
   1    H1       -1.7700        4.8320       -1.8550 
   1    H2        3.7330        5.4660       -3.1550 
   1    H3        3.9160        6.0780       -0.7520 
   1    H4       -3.1250        6.0550        1.2860 
   1    H5       -3.5940        3.5110       -2.1480 
   1    H6       -9.0860        3.1940       -0.0220 
   1    H7       -5.7420        2.5240       -2.6350 
   1    H8        1.3010        3.8140       -7.2880 
   1    H9       -4.4090        2.9730       -6.1130 
   1   H10       -4.3920        1.7060      -10.2200 
   1   H11       -6.6600        5.6590        2.3530 
   1   H12       -5.0460        5.6180        3.1020 
   1   H13       -5.5180        6.9960        2.0800 
   1   H14        1.8570        6.0010        0.6790 
   1   H15       -0.5960        4.4710       -4.1800 
   1   H16       -7.6690        4.6280        1.4310 
   1   H17       -8.1260        2.1480       -2.0570 
   1   H18       -2.3850        3.7520       -5.0740 
   1   H19       -5.6160        2.0870       -8.0890 
   1   H20       -1.9720        2.2000      -10.3720 
   1   H21        1.3820        3.2970       -9.4800 
   1   H22        0.2840        1.9980      -10.0020 
   1   H23       -0.0880        3.6920      -10.4010 

