Run semi-empirical minimization
 &qmmm
    qm_theory='AM1', grms_tol=0.0005,
 scfconv=1.d-10, ndiis_attempts=700,   qmcharge=4,
 /
   7    N1       -4.8690        9.6290       28.9150 
   6    C1       -6.0970        9.8240       28.1760 
   6    C2       -6.6480        8.4740       27.8290 
   6    C3       -7.8810        8.5350       26.9680 
   7    N2       -7.6630        7.4260       26.0840 
   6    C4       -8.8640        6.9170       25.4860 
   6    C5       -8.4410        5.6150       24.8610 
   6    C6       -9.0760        5.4940       23.5110 
   6    C7       -8.0420        4.9390       22.5600 
   7    N3       -8.0780        5.7480       21.3620 
   6    C8       -7.2490        5.1380       20.3490 
   6    C9       -7.2310        6.0080       19.1080 
   6   C10       -6.8220        5.1530       17.9200 
   7    N4       -6.6110        5.9700       16.7450 
   1    H1       -4.4770       10.5270       29.1610 
   1    H2       -5.0610        9.1040       29.7560 
   1    H3       -4.2100        9.1190       28.3450 
   1    H4       -5.8860       10.3760       27.2600 
   1    H5       -6.8140       10.3600       28.7980 
   1    H6       -6.8730        7.9290       28.7450 
   1    H7       -5.8810        7.8900       27.3210 
   1    H8       -7.8690        9.4600       26.3910 
   1    H9       -8.7580        8.3340       27.5840 
   1   H10       -7.1980        6.6830       26.5870 
   1   H11       -7.0170        7.6990       25.3580 
   1   H12       -9.1960        7.6010       24.7050 
   1   H13       -9.6000        6.7210       26.2660 
   1   H14       -8.7670        4.7870       25.4910 
   1   H15       -7.3560        5.5990       24.7550 
   1   H16       -9.3920        6.4800       23.1690 
   1   H17       -9.9220        4.8090       23.5680 
   1   H18       -8.2950        3.9090       22.3100 
   1   H19       -7.0550        5.0100       23.0160 
   1   H20       -7.7290        6.6730       21.5700 
   1   H21       -9.0290        5.8100       21.0260 
   1   H22       -7.6470        4.1550       20.0980 
   1   H23       -6.2340        5.0270       20.7290 
   1   H24       -6.5100        6.8140       19.2400 
   1   H25       -8.2270        6.4160       18.9360 
   1   H26       -7.6010        4.4180       17.7160 
   1   H27       -5.9040        4.6160       18.1580 
   1   H28       -6.3410        5.3820       15.9700 
   1   H29       -7.4650        6.4570       16.5150 
   1   H30       -5.8800        6.6420       16.9280 

