Run semi-empirical minimization
 &qmmm
    qm_theory='AM1', grms_tol=0.0005,
 scfconv=1.d-10, ndiis_attempts=700,   qmcharge=2,
 /
   6    C1        7.9900       23.6560        7.3780 
   6    C2        7.5470       24.6440        6.5040 
   6    C3        8.3430       25.0390        5.4640 
   6    C4        9.5910       24.4760        5.2450 
   6    C5        9.9930       23.4800        6.1400 
   6    C6        9.2280       23.0680        7.1930 
   6    C7       10.4000       24.8680        4.2060 
   7    N1       11.6640       24.3120        4.0930 
   7    N2       10.1590       26.0950        3.6100 
   7    N3        7.1450       23.2680        8.4310 
   7    N4        7.4950       22.2370        9.2260 
   7    N5        6.7110       22.1010       10.2060 
   6    C8        7.2820       21.2130       11.1930 
   6    C9        8.6030       20.8180       11.2330 
   6   C10        9.0340       19.9740       12.2190 
   6   C11        8.1400       19.5020       13.1860 
   6   C12        6.8210       19.8940       13.1400 
   6   C13        6.3900       20.7580       12.1330 
   6   C14        8.5760       18.6510       14.1670 
   7    N6        9.9220       18.5990       14.4710 
   7    N7        7.6540       17.8790       14.8490 
   1    H1        6.5770       25.0970        6.6480 
   1    H2        8.0040       25.8090        4.7870 
   1    H3       10.9510       22.9970        6.0150 
   1    H4        9.5690       22.3020        7.8730 
   1    H5       12.2720       24.5890        3.3350 
   1    H6       11.9780       23.6300        4.7680 
   1    H7       10.7390       26.4070        2.8440 
   1    H8        9.4030       26.6780        3.9410 
   1    H9        6.2780       23.7610        8.5910 
   1   H10        9.2960       21.1750       10.4860 
   1   H11       10.0690       19.6690       12.2540 
   1   H12        6.1240       19.5330       13.8820 
   1   H13        5.3570       21.0690       12.0920 
   1   H14       10.2530       17.9750       15.1930 
   1   H15       10.5750       19.1850       13.9720 
   1   H16        7.9620       17.2470       15.5750 
   1   H17        6.6720       17.9470       14.6220 

