Run semi-empirical minimization
 &qmmm
    qm_theory='AM1', grms_tol=0.0005,
 scfconv=1.d-10, ndiis_attempts=700,   qmcharge=1,
 /
   6    C1       18.3580        4.2720       21.3040 
   6    C2       17.9300        4.2820       22.6270 
   6    C3       16.7050        4.8510       22.9570 
   6    C4       15.9090        5.4100       21.9630 
   6    C5       16.3380        5.4020       20.6420 
   6    C6       17.5640        4.8340       20.3130 
   6    C7       18.0080        4.8560       18.9950 
   6    C8       18.4790        6.2660       18.6360 
   6    C9       18.9530        6.9850       19.9000 
   8    O1       20.1370        6.7910       20.2530 
   8    O2       18.1220        7.7140       20.4840 
   7    N1       19.5880        6.1830       17.6730 
   6   C10       20.6190        5.3490       17.8690 
   8    O3       21.4590        5.4900       18.7570 
   6   C11       20.6880        4.2820       16.9800 
   6   C12       20.1190        4.3900       15.7170 
   6   C13       20.1650        3.3100       14.8420 
  17   Cl1       19.4720        3.4520       13.2680 
   6   C14       20.7790        2.1240       15.2260 
   6   C15       20.7980        1.0530       14.3380 
   6   C16       21.1950       -0.2210       15.0660 
   6   C17       21.4630       -1.3310       14.0480 
   8    O4       22.3830        0.0280       15.8300 
   6   C18       22.0820        0.8840       16.8430 
   8    O5       22.3420        0.6650       18.0250 
   6   C19       21.3560        2.0180       16.4860 
   6   C20       21.3080        3.0970       17.3620 
   8    O6       22.4050        3.2480       18.1510 
   1    H1       19.3080        3.8270       21.0470 
   1    H2       18.5490        3.8480       23.3980 
   1    H3       16.3720        4.8590       23.9850 
   1    H4       14.9570        5.8510       22.2180 
   1    H5       15.7200        5.8370       19.8710 
   1    H6       17.1930        4.5660       18.3320 
   1    H7       18.8360        4.1560       18.8790 
   1    H8       17.6540        6.8220       18.1910 
   1    H9       19.5620        6.7700       16.8520 
   1   H10       19.6420        5.3110       15.4160 
   1   H11       21.5150        1.2540       13.5420 
   1   H12       19.8080        0.9270       13.9000 
   1   H13       20.3890       -0.5250       15.7340 
   1   H14       21.7470       -2.2440       14.5710 
   1   H15       20.5610       -1.5140       13.4630 
   1   H16       22.2710       -1.0270       13.3830 
   1   H17       22.7670        2.3850       18.3650 

