Run semi-empirical minimization
 &qmmm
    qm_theory='AM1', grms_tol=0.0005,
 scfconv=1.d-10, ndiis_attempts=700,   qmcharge=3,
 /
   6    C1       -7.9870       -3.0850       -2.3720 
   6    C2       -7.7650       -4.0140       -0.2380 
   6    C3       -7.6950       -5.3150       -0.7720 
   6    C4       -7.7700       -5.5120       -2.1530 
   6    C5       -5.4700       -7.3130        9.1560 
   6    C6       -5.1720       -6.5830       10.4950 
   6    C7       -5.8530       -5.2190       10.3000 
   7    N1       -5.7410       -4.8560        8.8750 
   6    C8       -5.9310       -6.1720        8.1980 
   6    C9       -6.6200       -3.7450        8.4580 
   6   C10       -6.3760       -3.3740        7.0050 
   8    O1       -7.1450       -2.2010        6.7150 
   6   C11       -7.3010       -1.7950        5.4290 
   6   C12       -7.4000       -0.3510        5.2480 
   6   C13       -7.5720        0.1640        3.8970 
   6   C14       -7.6810        1.5810        3.6670 
   6   C15       -7.6240        2.4610        4.7340 
   6   C16       -7.4570        1.9790        6.0580 
   6   C17       -7.3470        0.6200        6.3200 
   7    N2       -7.6420       -0.6530        2.8070 
   6   C18       -7.5520       -1.9550        2.9940 
   6   C19       -7.3780       -2.6100        4.2860 
   7    N3       -7.6510       -2.5410        1.7220 
   6   C20       -7.6250       -3.8450        1.3010 
   8    O2       -7.4960       -4.8270        2.0330 
   7    N4       -7.9110       -2.9110       -1.0300 
   6   C21       -7.9190       -4.3780       -2.9650 
   8    O3       -7.6550       -6.7970       -2.5350 
   6   C22       -7.6760       -7.1390       -3.9380 
   6   C23       -7.7600       -8.6450       -4.1170 
   7    N5       -7.7710       -8.9800       -5.5540 
   6   C24       -8.1690       -1.8260       -3.2910 
   8    O4       -8.2480       -2.0290       -4.5030 
   7    N6       -8.2110       -0.5750       -2.6950 
   6   C25       -8.3640        0.7380       -3.2380 
   6   C26       -8.5250        1.0550       -4.6580 
   6   C27       -8.6100        2.3900       -5.0700 
   6   C28       -8.5350        3.4140       -4.0410 
   6   C29       -8.3770        2.9940       -2.6530 
   7    N7       -8.2970        1.6690       -2.2930 
   6   C30       -8.2930        3.9760       -1.6100 
   6   C31       -8.3620        5.3190       -1.9250 
   6   C32       -8.5150        5.7400       -3.2730 
   6   C33       -8.5990        4.8150       -4.3020 
   8    O5       -8.7500        2.8390       -6.3530 
   6   C34       -9.0050        1.9100       -7.4200 
   6   C35       -9.1590        2.6750       -8.7360 
   7    N8       -9.3120        1.7080       -9.8500 
   6   C36      -10.4240        1.9660      -10.7830 
   6   C37       -9.9270        3.0070      -11.8040 
   6   C38       -8.4130        2.6540      -11.9430 
   6   C39       -8.1760        1.5990      -10.8130 
   1    H1       -7.5830       -6.1640       -0.1140 
   1    H2       -6.2910       -8.0140        9.3030 
   1    H3       -4.5500       -7.7550        8.7740 
   1    H4       -4.0960       -6.4370       10.5930 
   1    H5       -5.6610       -7.1150       11.3110 
   1    H6       -5.3440       -4.4700       10.9060 
   1    H7       -6.9050       -5.2960       10.5730 
   1    H8       -4.7880       -4.5660        8.7110 
   1    H9       -6.9850       -6.3060        7.9540 
   1   H10       -5.3350       -6.2010        7.2860 
   1   H11       -6.4330       -2.8770        9.0910 
   1   H12       -7.6620       -4.0380        8.5880 
   1   H13       -6.7040       -4.1910        6.3620 
   1   H14       -5.3170       -3.1590        6.8580 
   1   H15       -7.8070        1.9570        2.6620 
   1   H16       -7.7070        3.5240        4.5620 
   1   H17       -7.4130        2.6730        6.8840 
   1   H18       -7.2200        0.2910        7.3410 
   1   H19       -7.3090       -3.6830        4.3830 
   1   H20       -7.7650       -1.9580        0.9050 
   1   H21       -7.9820       -4.4840       -4.0380 
   1   H22       -6.7700       -6.7670       -4.4160 
   1   H23       -8.5370       -6.6680       -4.4130 
   1   H24       -8.6730       -9.0160       -3.6510 
   1   H25       -6.9000       -9.1160       -3.6410 
   1   H26       -7.8270       -9.9820       -5.6660 
   1   H27       -8.5700       -8.5470       -5.9950 
   1   H28       -6.9240       -8.6400       -5.9860 
   1   H29       -8.1240       -0.4900       -1.6920 
   1   H30       -8.5780        0.2590       -5.3860 
   1   H31       -8.1760        3.6640       -0.5830 
   1   H32       -8.3000        6.0610       -1.1430 
   1   H33       -8.5670        6.7930       -3.5070 
   1   H34       -8.7150        5.1710       -5.3150 
   1   H35       -9.9220        1.3590       -7.2110 
   1   H36       -8.1710        1.2120       -7.5010 
   1   H37       -8.2730        3.2870       -8.9060 
   1   H38      -10.0420        3.3120       -8.6840 
   1   H39       -9.4580        0.7950       -9.4440 
   1   H40      -11.2720        2.3740      -10.2330 
   1   H41      -10.6830        1.0430      -11.3030 
   1   H42      -10.0250        4.0050      -11.3770 
   1   H43      -10.4240        2.8390      -12.7590 
   1   H44       -7.8160        3.5420      -11.7380 
   1   H45       -8.2390        2.1880      -12.9130 
   1   H46       -8.1630        0.5990      -11.2470 
   1   H47       -7.2420        1.8220      -10.2980 

