Run semi-empirical minimization
 &qmmm
    qm_theory='AM1', grms_tol=0.0005,
 scfconv=1.d-10, ndiis_attempts=700,   qmcharge=0,
 /
   7    N1        4.2520       21.3760       10.4470 
   6    C1        4.1140       19.9940       10.0220 
   6    C2        5.1970       19.2130       10.6650 
   8    O1        6.3840       19.5620       10.6940 
   6    C3        4.1740       19.6430        8.5310 
   8    O2        5.4920       19.9590        8.0170 
   6    C4        3.0880       20.3890        7.7600 
   1    H1        4.9200       21.4850       11.1610 
   7    N2        4.5880       18.2040       11.2740 
   6    C5        5.2870       16.9930       11.6300 
   6    C6        4.3430       15.7950       11.3330 
   6    C7        4.3450       14.6230       12.3190 
   6    C8        4.4720       15.2850        9.8900 
   6    C9        5.7660       16.9890       13.0640 
   8    O3        4.9570       17.3630       13.9080 
   1    H2        3.6680       18.3270       11.5820 
   7    N3        6.9940       16.5950       13.4090 
   6   C10        8.1090       16.3430       12.4800 
   6   C11        7.8260       15.2740       11.4090 
   8    O4        7.3180       14.2110       11.7870 
   6   C12        9.2650       15.8790       13.3880 
   6   C13        8.8210       16.1950       14.7930 
   6   C14        7.3030       16.0500       14.7290 
   7    N4        8.0410       15.5040       10.1000 
   6   C15        8.5450       16.7500        9.5300 
   6   C16        7.6720       17.3860        8.4440 
   8    O5        6.5660       16.9080        8.1890 
   6   C17        7.9790       14.3620        9.1940 
   7    N5        8.0860       18.4730        7.7790 
   6   C18        9.0970       19.3030        8.4220 
   6   C19        7.4400       19.1390        6.6450 
   6   C20        7.8900       18.4780        5.2890 
   6   C21        7.1680       17.2030        4.9680 
   6   C22        7.8280       19.3980        4.0800 
   6   C23        5.9310       19.3950        6.8040 
   8    O6        5.2650       19.6210        5.7810 
   6   C24        3.1100       23.4800       10.9080 
   6   C25        3.1450       22.0680       10.7220 
   8    O7        2.0910       21.4380       10.8180 
   6   C26        2.8720       24.3190        9.7980 
   7    N6        2.6940       23.7930        8.5920 
   6   C27        2.8120       25.7330        9.9350 
   8    O8        2.5910       26.4360        8.9430 
   6   C28        2.9960       26.3340       11.1990 
   8    O9        3.4030       26.0630       13.5580 
   6   C29        3.7680       25.7850       15.9720 
   6   C30        3.9610       24.8520       17.0070 
   7    N7        3.9840       23.5510       16.7530 
   6   C31        3.8350       23.0240       15.5520 
   6   C32        3.8590       21.6390       15.3470 
   8   O10        4.9290       21.1070       15.0780 
   7    N8        3.4900       23.3400       13.2400 
   6   C33        3.2870       24.0810       12.1760 
   6   C34        3.2360       25.5120       12.3250 
   6   C35        3.6040       25.2730       14.6420 
   6   C36        3.6440       23.8590       14.4410 
   6   C37        2.9160       27.8490       11.3450 
   6   C38        3.7380       27.2750       16.3250 
   1    H3        2.5200       24.4020        7.8020 
   1    H4        2.7220       22.7960        8.4500 
   7    N9        2.7320       20.9310       15.4090 
   6   C39        2.7980       19.4770       15.2090 
   6   C40        1.6750       18.9450       14.3560 
   8   O11        0.5800       19.5240       14.3250 
   6   C41        2.7320       18.6400       16.4840 
   8   O12        1.5810       19.1100       17.2180 
   6   C42        4.0170       18.6680       17.2830 
   1    H5        2.0620       21.3440       14.8230 
   7   N10        1.9630       17.8290       13.6820 
   6   C43        0.8970       17.1950       12.9400 
   6   C44        1.0370       15.6780       12.9410 
   6   C45       -0.1060       14.9860       12.2170 
   6   C46        1.1280       15.1890       14.3660 
   6   C47        0.8310       17.7510       11.5260 
   8   O13        1.7220       17.3960       10.7510 
   1    H6        2.8540       17.4280       13.6950 
   7   N11       -0.1050       18.6310       11.1190 
   6   C48       -1.1820       19.1990       11.9480 
   6   C49       -2.2150       18.1900       12.4180 
   8   O14       -2.4780       17.2750       11.6330 
   6   C50       -1.7840       20.2090       11.0040 
   6   C51       -1.5670       19.6580        9.6250 
   6   C52       -0.1430       19.1980        9.7690 
   7   N12       -2.7930       18.2260       13.6220 
   6   C53       -2.5560       19.1250       14.7250 
   6   C54       -1.8920       18.4400       15.9250 
   8   O15       -1.7480       17.2160       15.9270 
   6   C55       -3.9530       17.3790       13.8470 
   7   N13       -1.4650       19.1540       16.9820 
   6   C56       -1.4910       20.5910       16.9170 
   6   C57       -0.6830       18.7230       18.1290 
   6   C58       -1.4650       17.7890       19.1050 
   6   C59       -0.6060       17.4800       20.3210 
   6   C60       -2.7350       18.4480       19.6310 
   6   C61        0.6390       18.1600       17.6090 
   8   O16        0.7310       16.9820       17.2260 
   1    H7        3.1650       19.6230       10.4100 
   1    H8        4.0050       18.5720        8.4190 
   1    H9        3.1470       20.1270        6.7040 
   1   H10        2.1090       20.1100        8.1490 
   1   H11        3.2320       21.4630        7.8760 
   1   H12        6.1590       16.9040       10.9820 
   1   H13        3.3370       16.2100       11.3940 
   1   H14        3.6390       13.8630       11.9830 
   1   H15        5.3450       14.1920       12.3700 
   1   H16        4.0520       14.9780       13.3070 
   1   H17        3.7900       14.4480        9.7380 
   1   H18        4.2220       16.0880        9.1970 
   1   H19        5.4960       14.9570        9.7100 
   1   H20        8.3880       17.2770       11.9910 
   1   H21       10.1610       16.4530       13.1540 
   1   H22        9.3970       14.8020       13.2840 
   1   H23        9.0750       17.2290       15.0270 
   1   H24        9.2260       15.4470       15.4750 
   1   H25        7.0430       14.9920       14.7500 
   1   H26        6.8500       16.6820       15.4930 
   1   H27        9.5480       16.5850        9.1350 
   1   H28        8.7070       17.4720       10.3300 
   1   H29        8.1710       14.6960        8.1740 
   1   H30        8.7300       13.6270        9.4830 
   1   H31        6.9890       13.9090        9.2470 
   1   H32        9.3400       20.1470        7.7760 
   1   H33        8.7130       19.6730        9.3730 
   1   H34        9.9950       18.7110        8.5990 
   1   H35        7.8850       20.1340        6.6240 
   1   H36        8.9390       18.2100        5.4140 
   1   H37        7.5320       16.8080        4.0200 
   1   H38        7.3480       16.4740        5.7580 
   1   H39        6.0980       17.4000        4.8920 
   1   H40        8.1560       18.8560        3.1930 
   1   H41        6.8040       19.7420        3.9370 
   1   H42        8.4800       20.2560        4.2420 
   1   H43        4.0930       25.1930       18.0230 
   1   H44        3.0830       28.1230       12.3870 
   1   H45        3.6780       28.3160       10.7200 
   1   H46        1.9300       28.1930       11.0330 
   1   H47        3.5810       27.8600       15.4190 
   1   H48        2.9250       27.4670       17.0260 
   1   H49        4.6860       27.5600       16.7820 
   1   H50        3.7380       19.2500       14.7060 
   1   H51        2.5430       17.6060       16.1940 
   1   H52        3.9040       18.0540       18.1760 
   1   H53        4.8320       18.2770       16.6750 
   1   H54        4.2420       19.6940       17.5750 
   1   H55       -0.0420       17.4410       13.4360 
   1   H56        1.9670       15.4220       12.4330 
   1   H57        0.0440       13.9070       12.2480 
   1   H58       -1.0490       15.2350       12.7040 
   1   H59       -0.1340       15.3190       11.1790 
   1   H60        1.2280       14.1040       14.3730 
   1   H61        1.9960       15.6370       14.8500 
   1   H62        0.2250       15.4730       14.9060 
   1   H63       -0.7520       19.7120       12.8080 
   1   H64       -1.2550       21.1570       11.1020 
   1   H65       -2.8540       20.2920       11.1970 
   1   H66       -1.6040       20.4770        8.9060 
   1   H67       -2.2080       18.7880        9.4860 
   1   H68        0.0560       18.4110        9.0420 
   1   H69        0.5210       20.0610        9.7220 
   1   H70       -3.5000       19.5700       15.0390 
   1   H71       -1.9310       19.9530       14.3890 
   1   H72       -4.3110       17.5160       14.8670 
   1   H73       -4.7420       17.6490       13.1460 
   1   H74       -3.6760       16.3350       13.6970 
   1   H75       -1.1130       21.0040       17.8520 
   1   H76       -0.8650       20.9290       16.0920 
   1   H77       -2.5150       20.9300       16.7580 
   1   H78       -0.4360       19.6230       18.6920 
   1   H79       -1.7210       16.8610       18.5940 
   1   H80       -1.1560       16.8280       20.9990 
   1   H81        0.3100       16.9820       20.0030 
   1   H82       -0.3550       18.4080       20.8340 
   1   H83       -3.2480       17.7630       20.3060 
   1   H84       -2.4760       19.3600       20.1680 
   1   H85       -3.3910       18.6920       18.7960 

