Run semi-empirical minimization
 &qmmm
    qm_theory='AM1', grms_tol=0.0005,
 scfconv=1.d-10, ndiis_attempts=700,   qmcharge=2,
 /
   7    N1        9.9650       22.8990        8.1030 
   6    C1        9.2350       23.8640        7.3720 
   6    C2        8.1170       24.1740        7.9840 
   6    C3        7.0950       23.2580       10.1860 
   6    C4        7.2960       22.3860       11.2570 
   6    C5        8.5020       21.6290       11.3030 
   6    C6        9.4530       21.7470       10.2990 
   6    C7        9.2070       22.6310        9.2140 
   6    C8        8.0710       23.3720        9.1550 
   6    C9        8.7530       20.8150       12.3550 
   7    N2        7.9040       20.6810       13.3660 
   7    N3        9.8710       20.0860       12.4010 
   6   C10        9.8260       24.3730        6.1010 
   6   C11        9.2000       25.3130        5.2560 
   6   C12        9.8460       25.6880        4.0780 
   6   C13       11.1160       25.1380        3.7190 
   6   C14       11.7170       24.2020        4.5840 
   6   C15       11.0960       23.8110        5.7550 
   6   C16       11.7070       25.5410        2.5810 
   7    N4       12.8960       25.1510        2.0820 
   7    N5       11.0600       26.4290        1.7830 
   1    H1       10.8520       22.5660        7.7540 
   1    H2        7.4570       24.9160        7.5590 
   1    H3        6.1940       23.8520       10.1350 
   1    H4        6.5450       22.2960       12.0280 
   1    H5       10.3650       21.1710       10.3490 
   1    H6        8.1260       20.0640       14.1340 
   1    H7        7.0350       21.1960       13.3680 
   1    H8       10.0480       19.4820       13.1910 
   1    H9       10.5400       20.1390       11.6460 
   1   H10        8.2400       25.7270        5.5260 
   1   H11        9.3870       26.4070        3.4160 
   1   H12       12.6790       23.7780        4.3360 
   1   H13       11.5620       23.0870        6.4070 
   1   H14       13.2270       25.5350        1.2080 
   1   H15       13.4560       24.4750        2.5810 
   1   H16       11.4890       26.7420        0.9240 
   1   H17       10.1490       26.7760        2.0480 

