Run semi-empirical minimization
 &qmmm
    qm_theory='AM1', grms_tol=0.0005,
 scfconv=1.d-10, ndiis_attempts=700,   qmcharge=1,
 /
   6    C1        8.4670       19.9540       13.2940 
   6    C2        8.7150       21.6280       10.8190 
   6    C3        9.7190       20.3140       12.6620 
   6    C4        9.8290       21.1300       11.4580 
   6    C5        7.3560       20.5620       12.4950 
   6    C6        7.4880       21.3490       11.3290 
   8    O1        8.3540       19.1040       14.5530 
   6    C7        8.8090       22.4290        9.6370 
   6    C8        9.5530       23.3950        7.7720 
   6    C9        8.2290       23.8340        8.0690 
   6   C10        7.5220       24.7840        7.2210 
   6   C11        8.2630       25.2480        6.0600 
   6   C12        9.5870       24.7940        5.7830 
   6   C13       10.2360       23.8790        6.6220 
   7    N1        9.8700       22.5060        8.8010 
   7    N2        7.8350       23.2270        9.1920 
   6   C14       10.3530       25.2650        4.6080 
   6   C15       11.9540       25.3390        3.0140 
   6   C16       11.0890       26.4640        2.8290 
   6   C17       11.2940       27.4560        1.7470 
   6   C18       12.4370       27.2170        0.8790 
   6   C19       13.3200       26.0420        1.0900 
   6   C20       13.0830       25.1170        2.1390 
   7    N3       11.4190       24.6740        4.1180 
   7    N4       10.1420       26.4090        3.7820 
   7    N5       14.3130       25.8080        0.0440 
   7    N6       16.3180       25.4890       -1.9770 
   6   C21       15.2820       24.5780        0.0600 
   6   C22       16.5590       25.2980       -0.4530 
   6   C23       15.1280       26.5000       -2.0520 
   6   C24       13.9170       25.7100       -1.4680 
   6   C25       17.4420       26.4950       -2.2020 
  53    I1        5.3300       20.3400       12.9930 
   6   C26        9.2570       18.3810       15.5440 
   1    H1       10.6540       19.9730       13.0820 
   1    H2       10.8140       21.3410       11.0690 
   1    H3        6.6020       21.7300       10.8430 
   1    H4        6.5190       25.0930        7.4760 
   1    H5        7.8130       25.9550        5.3790 
   1    H6       11.2390       23.5410        6.4070 
   1    H7       10.7020       21.9650        8.9890 
   1    H8       10.6150       28.2900        1.6430 
   1    H9       12.6520       27.8980        0.0690 
   1   H10       13.7240       24.2620        2.2920 
   1   H11       11.7670       23.8260        4.5430 
   1   H12       16.2860       24.6670       -2.5630 
   1   H13       14.9550       23.8620       -0.6940 
   1   H14       15.4430       24.2690        1.0930 
   1   H15       16.6400       26.2740        0.0250 
   1   H16       17.4230       24.6510       -0.3020 
   1   H17       14.9290       26.7460       -3.0950 
   1   H18       15.3420       27.3570       -1.4130 
   1   H19       13.0080       26.2890       -1.6310 
   1   H20       13.9910       24.6690       -1.7840 
   1   H21       17.4650       26.7860       -3.2520 
   1   H22       17.2700       27.3770       -1.5850 
   1   H23       18.3950       26.0420       -1.9300 
   1   H24        8.6460       17.8960       16.3060 
   1   H25        9.8460       17.6290       15.0180 
   1   H26        9.9260       19.0990       16.0180 

