Run semi-empirical minimization
 &qmmm
    qm_theory='AM1', grms_tol=0.0005,
 scfconv=1.d-10, ndiis_attempts=700,   qmcharge=2,
 /
   7    N1      -15.6630        5.2600       12.7250 
   6    C1      -16.1450        3.8940       12.4810 
   6    C2      -15.0010        2.8800       12.5360 
   6    C3      -13.8370        3.2510       11.6130 
   6    C4      -12.8860        4.2590       12.2580 
   7    N2      -12.4030        3.7800       13.5550 
   6    C5      -11.2240        4.1300       14.0920 
   7    N3      -10.8940        3.6820       15.3110 
   7    N4      -10.3790        4.9200       13.4160 
   6    C6      -17.2280        3.5100       13.4800 
   8    O1      -17.2810        2.3690       13.9330 
   7    N5      -18.0870        4.4700       13.8330 
   1    H1      -16.4400        5.9040       12.6820 
   1    H2      -15.2360        5.3090       13.6390 
   1    H3      -14.9820        5.5080       12.0220 
   1    H4      -16.5790        3.8610       11.4820 
   1    H5      -15.3780        1.8940       12.2650 
   1    H6      -14.6390        2.7980       13.5610 
   1    H7      -14.2290        3.6650       10.6840 
   1    H8      -13.2840        2.3500       11.3470 
   1    H9      -13.4020        5.2100       12.3920 
   1   H10      -12.0370        4.4320       11.5960 
   1   H11      -13.0170        3.1500       14.0510 
   1   H12      -10.0080        3.9410       15.7220 
   1   H13      -11.5310        3.0850       15.8190 
   1   H14       -9.4930        5.1800       13.8260 
   1   H15      -10.6280        5.2560       12.4960 
   1   H16      -18.8250        4.2700       14.4930 
   1   H17      -17.9980        5.3960       13.4400 

