Run semi-empirical minimization
 &qmmm
    qm_theory='AM1', grms_tol=0.0005,
 scfconv=1.d-10, ndiis_attempts=700,   qmcharge=0,
 /
   7    N1        7.7860        0.8640       -2.4310 
   6    C1        6.5970        0.6920       -3.2740 
   6    C2        6.6790        1.6470       -4.4320 
   8    O1        7.4770        2.5850       -4.3310 
   6    C3        5.2750        0.9340       -2.5250 
   8    O2        5.3780        2.2160       -1.8620 
   6    C4        4.9850       -0.1180       -1.4920 
   1    H1        8.4210        1.4550       -2.8990 
   7    N2        5.9070        1.3810       -5.5030 
   6    C5        5.7420        2.3930       -6.5250 
   6    C6        4.3430        2.2320       -7.1470 
   6    C7        3.1970        2.4190       -6.1840 
   6    C8        4.0020        2.9870       -8.4250 
   6    C9        6.8990        2.2690       -7.5180 
   8    O3        7.5680        1.2210       -7.5290 
   1    H2        5.5400        0.4860       -5.6310 
   7    N3        7.3320        3.2890       -8.2770 
   6   C10        7.2770        4.7230       -7.9550 
   6   C11        6.0140        5.5780       -8.1650 
   8    O4        5.4690        5.6450       -9.2750 
   6   C12        8.4480        5.1930       -8.7930 
   6   C13        8.3970        4.4160      -10.0990 
   6   C14        7.8340        3.0610       -9.6450 
   7    N4        5.5000        6.2240       -7.1070 
   6   C15        6.0280        6.1540       -5.7590 
   6   C16        5.2020        5.4070       -4.7140 
   8    O5        4.0520        5.0380       -4.9840 
   6   C17        4.4610        7.2350       -7.3020 
   7    N5        5.7820        5.1820       -3.5160 
   6   C18        7.1610        5.6000       -3.3050 
   6   C19        5.1770        4.6570       -2.3020 
   6   C20        4.1620        5.7080       -1.6990 
   6   C21        2.7130        5.6580       -2.2310 
   6   C22        4.2330        5.7350       -0.1620 
   6   C23        4.6360        3.2450       -2.4230 
   8    O6        3.8010        2.9760       -3.2780 
   6   C24        9.4570       -0.2090       -1.0580 
   6   C25        8.4590       -0.2360       -2.0780 
   8    O7        8.2180       -1.2960       -2.6790 
   6   C26        9.1950       -0.4630        0.3140 
   7    N6        7.9780       -0.7390        0.7770 
   6   C27       10.2410       -0.4380        1.2600 
   8    O8       10.0060       -0.6670        2.4460 
   6   C28       11.5510       -0.1670        0.8840 
   8    O9       13.0770        0.3720       -0.8650 
   6   C29       14.6690        0.9010       -2.5470 
   6   C30       14.9440        1.1380       -3.9140 
   6   C31       13.9200        1.0820       -4.8690 
   6   C32       12.5880        0.8030       -4.5060 
   6   C33       11.6030        0.7470       -5.5290 
   8   O10       10.9500        1.7290       -5.9190 
   7    N7       11.0770        0.3070       -2.7130 
   6   C34       10.7820        0.0680       -1.4380 
   6   C35       11.8250        0.0940       -0.4630 
   6   C36       13.3510        0.6180       -2.1610 
   6   C37       12.3010        0.5750       -3.1300 
   6   C38       12.6510       -0.1650        1.9370 
   6   C39       15.7760        0.9460       -1.4980 
   1    H3        7.8470       -0.9150        1.7710 
   1    H4        7.1830       -0.7800        0.1560 
   7    N8       11.4380       -0.4710       -6.0710 
   6   C40       10.7160       -0.6140       -7.3360 
   6   C41        9.5800       -1.5920       -7.2110 
   8   O11        9.6560       -2.4600       -6.3560 
   6   C42       11.5570       -1.1080       -8.5100 
   8   O12       12.4730       -2.1150       -8.0400 
   6   C43       12.3080        0.0360       -9.1480 
   1    H5       10.9800       -1.0110       -5.3880 
   7    N9        8.5310       -1.3890       -8.0110 
   6   C44        7.4370       -2.3260       -8.1220 
   6   C45        6.9140       -2.3750       -9.5670 
   6   C46        5.6390       -3.2000       -9.7320 
   6   C47        8.0050       -2.8910      -10.5080 
   6   C48        6.3240       -2.0550       -7.1120 
   8   O13        5.7060       -0.9680       -7.1110 
   1    H6        8.4800       -0.5590       -8.5250 
   7   N10        6.1730       -2.9730       -6.1360 
   6   C49        7.1740       -3.9590       -5.7100 
   6   C50        7.4170       -5.1860       -6.6190 
   8   O14        6.4960       -5.4580       -7.4050 
   6   C51        6.6740       -4.3170       -4.3120 
   6   C52        5.4950       -3.4390       -4.0470 
   6   C53        4.9350       -3.2420       -5.4290 
   7   N11        8.5840       -5.8950       -6.7050 
   6   C54        9.9710       -5.5590       -6.3090 
   6   C55       10.8580       -4.9550       -7.4310 
   8   O15       10.2620       -4.3240       -8.3160 
   6   C56        8.3910       -7.3240       -6.7570 
   7   N12       12.2230       -5.0420       -7.5230 
   6   C57       12.9450       -5.4160       -6.3190 
   6   C58       13.1350       -4.4890       -8.5670 
   6   C59       13.3970       -5.3420       -9.8790 
   6   C60       14.2620       -6.5500       -9.6350 
   6   C61       12.1450       -5.6990      -10.6790 
   6   C62       12.8790       -3.0410       -9.0060 
   8   O16       13.2660       -2.6470      -10.1250 
   1    H7        6.5930       -0.3260       -3.6640 
   1    H8        4.4560        0.9670       -3.2440 
   1    H9        4.0400        0.1080       -0.9980 
   1   H10        4.9180       -1.0930       -1.9740 
   1   H11        5.7860       -0.1330       -0.7530 
   1   H12        5.7980        3.3730       -6.0510 
   1   H13        4.2910        1.1810       -7.4300 
   1   H14        2.2530        2.2870       -6.7120 
   1   H15        3.2710        1.6830       -5.3830 
   1   H16        3.2380        3.4220       -5.7600 
   1   H17        2.9780        2.7570       -8.7210 
   1   H18        4.0970        4.0590       -8.2510 
   1   H19        4.6860        2.6860       -9.2190 
   1   H20        7.5670        4.8290       -6.9100 
   1   H21        9.3790        4.9680       -8.2730 
   1   H22        8.3410        6.2580       -9.0000 
   1   H23        9.4110        4.2760      -10.4730 
   1   H24        7.6850        4.8930      -10.7720 
   1   H25        7.0040        2.7790      -10.2930 
   1   H26        8.6390        2.3260       -9.6170 
   1   H27        6.2290        7.1640       -5.4010 
   1   H28        7.0320        5.7320       -5.7900 
   1   H29        4.1690        7.6480       -6.3360 
   1   H30        4.8450        8.0340       -7.9370 
   1   H31        3.5940        6.7780       -7.7780 
   1   H32        7.4680        5.3440       -2.2910 
   1   H33        7.8090        5.0920       -4.0190 
   1   H34        7.2400        6.6780       -3.4460 
   1   H35        5.9900        4.5930       -1.5790 
   1   H36        4.5430        6.6790       -2.0140 
   1   H37        2.1180        6.4280       -1.7390 
   1   H38        2.7140        5.8320       -3.3070 
   1   H39        2.2830        4.6780       -2.0230 
   1   H40        3.5230        6.4680        0.2220 
   1   H41        3.9850        4.7490        0.2310 
   1   H42        5.2410        6.0080        0.1510 
   1   H43       15.9510        1.3650       -4.2310 
   1   H44       14.1440        1.2550       -5.9110 
   1   H45       13.6060        0.0650        1.4650 
   1   H46       12.4290        0.5880        2.6930 
   1   H47       12.7060       -1.1470        2.4080 
   1   H48       15.3540        0.7370       -0.5150 
   1   H49       16.5320        0.1980       -1.7350 
   1   H50       16.2330        1.9350       -1.4940 
   1   H51       10.3000        0.3580       -7.6010 
   1   H52       10.8960       -1.5530       -9.2540 
   1   H53       12.9010       -0.3380       -9.9820 
   1   H54       11.5980        0.7790       -9.5120 
   1   H55       12.9670        0.4940       -8.4110 
   1   H56        7.8390       -3.3130       -7.8950 
   1   H57        6.6820       -1.3530       -9.8650 
   1   H58        5.3310       -3.1880      -10.7770 
   1   H59        5.8280       -4.2280       -9.4210 
   1   H60        4.8480       -2.7740       -9.1160 
   1   H61        7.6220       -2.9210      -11.5280 
   1   H62        8.8680       -2.2260      -10.4640 
   1   H63        8.3040       -3.8940      -10.2030 
   1   H64        8.1250       -3.4380       -5.5980 
   1   H65        7.4550       -4.1040       -3.5820 
   1   H66        6.3590       -5.3610       -4.2960 
   1   H67        5.8420       -2.4810       -3.6610 
   1   H68        4.7710       -3.9840       -3.4410 
   1   H69        4.5240       -4.1880       -5.7820 
   1   H70        4.3210       -2.3420       -5.4370 
   1   H71       10.4560       -6.4480       -5.9060 
   1   H72        9.9480       -4.8750       -5.4610 
   1   H73        9.3590       -7.8200       -6.8240 
   1   H74        7.8760       -7.6550       -5.8550 
   1   H75        7.7920       -7.5790       -7.6310 
   1   H76       14.0140       -5.4480       -6.5310 
   1   H77       12.7520       -4.6830       -5.5360 
   1   H78       12.6120       -6.3990       -5.9860 
   1   H79       14.1080       -4.4500       -8.0770 
   1   H80       13.9820       -4.6950      -10.5320 
   1   H81       14.4040       -7.0910      -10.5710 
   1   H82       15.2310       -6.2320       -9.2490 
   1   H83       13.7790       -7.2030       -8.9080 
   1   H84       12.4270       -6.2820      -11.5560 
   1   H85       11.4700       -6.2850      -10.0560 
   1   H86       11.6430       -4.7850      -10.9970 

