Run semi-empirical minimization
 &qmmm
    qm_theory='AM1', grms_tol=0.0005,
 scfconv=1.d-10, ndiis_attempts=700,   qmcharge=2,
 /
   6    C1       12.8240       28.3930        1.9450 
   6    C2       11.7740       27.7240        1.0770 
   6    C3       12.5340       26.9150        2.1140 
   7    N1       11.6300       26.4860        2.9840 
   6    C4       11.6640       25.2700        3.5330 
   7    N2       12.3260       24.2750        2.9690 
   6    C5        9.1530       24.2350        6.8300 
   6    C6       10.4640       23.7470        6.7550 
   6    C7       11.2920       24.1270        5.6890 
   6    C8       10.8430       25.0000        4.7050 
   6    C9        9.5350       25.5160        4.7700 
   6   C10        8.6870       25.1280        5.8350 
   6   C11        8.2940       23.7940        7.9070 
   6   C12        6.9900       24.0790        8.2070 
   6   C13        6.6290       23.3230        9.4040 
   6   C14        7.7730       22.6790        9.7770 
   8    O1        8.8230       22.9040        8.8660 
   6   C15        8.0780       21.8840       10.8970 
   6   C16        9.3910       21.4310       10.9610 
   6   C17        9.8620       20.6820       12.0380 
   6   C18        8.9850       20.3720       13.0670 
   6   C19        7.6370       20.8330       12.9760 
   6   C20        7.1610       21.5960       11.8930 
   6   C21        9.4750       19.5040       14.1900 
   7    N3       10.7990       19.3060       14.3860 
   7    N4        8.5490       18.8320       14.9200 
   6   C22        8.7780       17.6520       15.5310 
   6   C23        7.6710       16.6210       15.5230 
   6   C24        7.8980       17.5070       16.7700 
   1    H1       12.1760       28.7870        2.7280 
   1    H2       13.6760       28.3260        1.2680 
   1    H3       12.3890       27.5040        0.2040 
   1    H4       10.8880       27.9650        1.6640 
   1    H5       13.2810       26.2040        1.7610 
   1    H6       11.6310       27.0870        3.7960 
   1    H7       12.5210       25.5350        4.1520 
   1    H8       12.2300       23.4430        3.5340 
   1    H9       11.9510       24.1000        2.0480 
   1   H10       13.3030       24.5200        2.8940 
   1   H11       10.8360       23.0790        7.5180 
   1   H12       12.2980       23.7400        5.6220 
   1   H13        9.1870       26.2010        4.0120 
   1   H14        7.6810       25.5160        5.8860 
   1   H15        6.4300       24.7630        7.5860 
   1   H16        5.6210       23.3700        9.7890 
   1   H17       10.0800       21.6570       10.1610 
   1   H18       10.8910       20.3550       12.0600 
   1   H19        6.9320       20.5990       13.7600 
   1   H20        6.1450       21.9530       11.8110 
   1   H21        9.4640       20.3420       14.8870 
   1   H22       10.9350       18.6990       15.1820 
   1   H23       11.2010       18.8780       13.5640 
   1   H24       11.2510       20.1930       14.5590 
   1   H25        8.2460       19.4070       15.6930 
   1   H26        9.8070       17.2970       15.5900 
   1   H27        8.2480       15.7480       15.8260 
   1   H28        6.8940       17.2090       15.0350 
   1   H29        7.1730       18.2900       16.5490 
   1   H30        8.5300       16.8270       17.3420 

