Run semi-empirical minimization
 &qmmm
    qm_theory='AM1', grms_tol=0.0005,
 scfconv=1.d-10, ndiis_attempts=700,   qmcharge=2,
 /
   6    C1       14.5500       25.7210       64.1510 
   7    N1       14.3250       24.4740       63.6240 
   7    N2       15.0670       26.7230       63.3770 
   7    N3       14.2660       26.0350       65.4700 
   6    C2       13.7080       25.1880       66.5310 
   6    C3       12.4780       25.7920       67.2700 
   8    O1       11.8040       26.6290       66.6750 
   7    N4       12.2250       25.2810       68.5070 
   6    C4       11.1340       25.5520       69.4060 
   6    C5       10.9320       24.7790       70.5550 
   6    C6        9.7500       25.2650       71.1120 
   7    N5        9.3370       26.3020       70.2610 
   6    C7        8.2200       27.2740       70.5010 
   6    C8       10.1610       26.4980       69.1930 
   6    C9        8.9490       24.7680       72.1870 
   8    O2        7.7620       25.0400       72.2980 
   7    N6        9.6170       23.9960       73.0640 
   6   C10        8.9780       23.3800       74.1970 
   6   C11        9.6450       22.4500       75.0000 
   6   C12        8.7670       22.1340       76.0240 
   7    N7        7.6240       22.9080       75.7880 
   6   C13        6.4440       23.0060       76.7030 
   6   C14        7.7140       23.6730       74.6610 
   6   C15        8.8230       21.1320       77.0240 
   8    O3        7.8830       20.4020       77.3320 
   7    N8        9.9680       21.0310       77.7020 
   6   C16       10.2620       20.0860       78.7640 
   6   C17        9.4220       20.3450       79.9950 
   6   C18        9.2350       19.2070       80.9810 
   7    N9        8.4840       19.5220       82.0670 
   7   N10        9.8120       18.0080       80.7440 
   1    H1       13.9430       23.7420       64.2050 
   1    H2       14.5420       24.2890       62.6550 
   1    H3       15.2280       27.6370       63.7760 
   1    H4       15.2870       26.5490       62.4070 
   1    H5       14.4450       26.9660       65.8170 
   1    H6       14.4880       24.9580       67.2570 
   1    H7       13.4380       24.2180       66.1140 
   1    H8       12.8570       24.6060       68.9140 
   1    H9       11.6390       24.0050       70.8170 
   1   H10        8.1460       27.9590       69.6560 
   1   H11        7.2820       26.7300       70.6110 
   1   H12        8.4190       27.8400       71.4110 
   1   H13       10.2160       27.1440       68.3290 
   1   H14       10.6050       23.8300       72.9400 
   1   H15       10.6460       22.1350       74.7440 
   1   H16        5.7030       23.6770       76.2700 
   1   H17        6.0040       22.0180       76.8370 
   1   H18        6.7640       23.3940       77.6700 
   1   H19        7.0890       24.3700       74.1220 
   1   H20       10.7360       21.6520       77.4910 
   1   H21       11.3180       20.1510       79.0250 
   1   H22       10.0800       19.0720       78.4080 
   1   H23        8.4440       20.7160       79.6880 
   1   H24        9.8190       21.2130       80.5220 
   1   H25        8.3060       18.8260       82.7770 
   1   H26        8.1030       20.4520       82.1650 
   1   H27        9.6880       17.2500       81.4000 
   1   H28       10.3670       17.8700       79.9110 

