Run semi-empirical minimization
 &qmmm
    qm_theory='AM1', grms_tol=0.0005,
 scfconv=1.d-10, ndiis_attempts=700,   qmcharge=0,
 /
   6    C1       28.2400       22.8700       39.0800 
   6    C2       29.2300       23.5700       38.3600 
   6    C3       29.8300       22.9400       37.2700 
   6    C4       29.5200       21.5700       37.0400 
   6    C5       28.6600       20.8500       37.8900 
   6    C6       27.9600       21.5500       38.8500 
   6    C7       28.8400       24.9900       40.0400 
   6    C8       29.2500       25.9000       41.0100 
   6    C9       29.1100       27.3000       41.0100 
   6   C10       30.6600       36.4700       44.1800 
   6   C11       30.0500       36.3800       42.9700 
   6   C12       29.7000       37.6300       42.3000 
   6   C13       30.1200       38.8400       42.8200 
   6   C14       30.8500       38.8700       44.0300 
   6   C15       31.1900       37.6600       44.6900 
   6   C16       30.6500       34.1500       43.4300 
   6   C17       30.5000       32.7400       43.5700 
   6   C18       30.3500       31.7300       42.6200 
   6   C19       29.8300       30.0300       44.3100 
   6   C20       29.9700       30.3700       42.9600 
   6   C21       29.6400       29.4600       41.8700 
   6   C22       29.3600       28.1100       42.1200 
   6   C23       29.4000       27.7100       43.5400 
   6   C24       29.6500       28.6800       44.5300 
   8    O1       29.1100       26.5700       43.8800 
  16    S1       31.2500       34.9400       44.8300 
  16    S2       27.6800       23.7700       40.4600 
   7    N1       29.9700       35.0400       42.5200 
   7    N2       29.5000       24.7600       38.8700 
   6   C25       29.6600       34.6700       41.1600 
   6   C26       30.6200       25.6100       38.4400 
   1    H1       30.5060       23.4910       36.6320 
   1    H2       29.9490       21.0540       36.1940 
   1    H3       28.5630       19.7800       37.7800 
   1    H4       27.1890       21.0540       39.4210 
   1    H5       29.7460       25.5500       41.9030 
   1    H6       28.7910       27.8110       40.1130 
   1    H7       29.1110       37.6110       41.3950 
   1    H8       29.8900       39.7590       42.3020 
   1    H9       31.1510       39.8160       44.4560 
   1   H10       31.8340       37.6370       45.5570 
   1   H11       30.4910       32.2930       44.5530 
   1   H12       30.5180       31.9430       41.5750 
   1   H13       29.8680       30.7990       45.0670 
   1   H14       29.6090       29.8240       40.8540 
   1   H15       29.6960       28.2860       45.5340 
   1   H16       29.1910       26.4890       44.8330 
   1   H17       29.6590       33.5840       41.0700 
   1   H18       28.6770       35.0570       40.8930 
   1   H19       30.4100       35.0890       40.4890 
   1   H20       30.6180       26.5340       39.0180 
   1   H21       31.5600       25.0830       38.6020 
   1   H22       30.5140       25.8440       37.3810 

