Run semi-empirical minimization
 &qmmm
    qm_theory='AM1', grms_tol=0.0005,
 scfconv=1.d-10, ndiis_attempts=700,   qmcharge=2,
 /
   7    N1        2.0770       18.1380       17.5880 
   6    C1        0.8110       17.8580       18.0370 
   6    C2       -0.0570       18.8550       17.6100 
   6    C3        0.4530       20.9260       16.0670 
   6    C4        1.4920       21.5120       15.3740 
   6    C5        2.7970       21.0110       15.4140 
   6    C6        3.1330       19.8770       16.1590 
   6    C7        2.0410       19.2840       16.8190 
   6    C8        0.7290       19.7580       16.7970 
   6    C9        3.8740       21.6810       14.6660 
   7    N2        3.7710       22.9430       14.3280 
   7    N3        4.9570       21.0090       14.3600 
   6   C10        0.6030       16.7960       19.0580 
   6   C11       -0.6440       16.2470       19.2960 
   6   C12       -0.8340       15.2540       20.2530 
   6   C13        0.2720       14.8330       20.9750 
   6   C14        1.5040       15.3600       20.7490 
   6   C15        1.7090       16.3420       19.7860 
   6   C16        0.0810       13.7760       21.9880 
   7    N4        1.0220       13.5680       22.8850 
   7    N5       -1.0410       13.0900       21.9740 
   1    H1        2.8470       17.5350       17.8390 
   1    H2       -1.0950       18.8310       17.9070 
   1    H3       -0.5330       21.3660       16.0370 
   1    H4        1.3120       22.3910       14.7730 
   1    H5        4.1570       19.5340       16.1880 
   1    H6        4.5170       23.3910       13.8150 
   1    H7        2.9460       23.4680       14.5810 
   1    H8        5.7020       21.4580       13.8470 
   1    H9        5.0460       20.0420       14.6370 
   1   H10       -1.5000       16.5870       18.7330 
   1   H11       -1.8180       14.8390       20.4120 
   1   H12        2.3520       15.0170       21.3240 
   1   H13        2.6890       16.7540       19.5930 
   1   H14        0.9040       12.8480       23.5830 
   1   H15        1.8620       14.1280       22.8750 
   1   H16       -1.1960       12.3620       22.6560 
   1   H17       -1.7480       13.2920       21.2810 

