Run semi-empirical minimization
 &qmmm
    qm_theory='AM1', grms_tol=0.0005,
 scfconv=1.d-10, ndiis_attempts=700,   qmcharge=2,
 /
   6    C1        8.0380       23.6600        8.4010 
   6    C2        6.7300       23.9700        8.7710 
   6    C3        6.3700       23.2220        9.9710 
   6    C4        7.5000       22.4960       10.2640 
   8    O1        8.5420       22.7360        9.3150 
   6    C5        8.8990       24.0900        7.3210 
   6    C6       10.1030       23.4490        7.0360 
   6    C7       10.8770       23.8420        5.9230 
   6    C8       10.4690       24.8870        5.0670 
   6    C9        9.2610       25.5330        5.3750 
   6   C10        8.5030       25.1220        6.4880 
   6   C11       11.2270       25.3000        3.8440 
   7    N1       12.0510       24.4980        3.1980 
   7    N2       11.1240       26.4890        3.2960 
   6   C12        7.8320       21.6000       11.3200 
   6   C13        9.1850       21.2350       11.4050 
   6   C14        9.6550       20.4300       12.4350 
   6   C15        8.7790       19.9560       13.4180 
   6   C16        7.4020       20.3070       13.3370 
   6   C17        6.9220       21.1370       12.2790 
   6   C18        9.3680       19.1370       14.5160 
   7    N3       10.6840       19.1900       14.7730 
   7    N4        8.6060       18.3510       15.2910 
   1    H1        6.1560       24.6730        8.1860 
   1    H2        5.3860       23.3340       10.4020 
   1    H3       10.4500       22.6450        7.6690 
   1    H4       11.8080       23.3390        5.7080 
   1    H5        8.9110       26.3470        4.7580 
   1    H6        7.5790       25.6470        6.6810 
   1    H7       12.5380       24.8290        2.3770 
   1    H8       12.1950       23.5530        3.5240 
   1    H9       11.6600       26.7120        2.4700 
   1   H10       10.5080       27.1800        3.7010 
   1   H11        9.8860       21.5810       10.6590 
   1   H12       10.7010       20.1670       12.4800 
   1   H13        6.7080       19.9450       14.0810 
   1   H14        5.8790       21.4090       12.2100 
   1   H15       11.0760       18.6320       15.5180 
   1   H16       11.2830       19.7880       14.2210 
   1   H17        9.0290       17.8060       16.0280 
   1   H18        7.6090       18.3040       15.1370 

