Run semi-empirical minimization
 &qmmm
    qm_theory='AM1', grms_tol=0.0005,
 scfconv=1.d-10, ndiis_attempts=700,   qmcharge=4,
 /
   6    C1       19.8520       24.6370       33.0040 
   7    N1       20.0920       17.1390       33.0420 
   8    O1       18.1970       18.6170       34.3980 
   6    C2       19.6960       23.7020       34.0230 
   7    N2       28.1930       19.9150       31.5760 
   8    O2       28.9120       21.2930       33.9380 
   6    C3       21.1190       25.1330       32.6870 
   7    N3       18.6000       21.5020       34.4940 
   6    C4       22.2280       24.7370       33.4360 
   7    N4       26.8840       23.3020       34.9160 
   6    C5       22.0270       23.9170       34.5790 
   6    C6       20.7650       23.4000       34.8700 
   6    C7       23.5360       25.0080       33.0020 
   6    C8       24.5490       24.5080       33.7810 
   6    C9       24.3940       23.7910       34.9640 
   6   C10       23.0980       23.4660       35.3560 
   6   C11       20.3990       16.6140       31.6830 
   6   C12       25.0620       18.0920       31.3590 
   6   C13       26.0490       18.8930       30.7870 
   6   C14       25.6990       19.8430       29.8240 
   6   C15       24.3760       19.9380       29.3490 
   6   C16       23.3960       19.1200       29.9190 
   6   C17       23.7380       18.2120       30.9420 
   6   C18       22.0840       19.1820       29.4450 
   6   C19       21.1230       18.3410       30.0120 
   6   C20       21.4620       17.4530       31.0280 
   6   C21       22.7660       17.3880       31.5070 
   6   C22       18.8980       16.4340       33.6230 
   6   C23       18.3720       17.2380       34.8140 
   6   C24       17.4980       19.4430       35.3470 
   6   C25       17.2790       20.8210       34.7160 
   6   C26       18.3950       22.9320       34.1210 
   6   C27       27.4970       18.6610       31.1470 
   6   C28       29.4500       19.5890       32.3200 
   6   C29       29.9630       20.8360       33.0600 
   6   C30       29.2130       22.5040       34.6530 
   6   C31       28.0750       22.7680       35.6550 
   6   C32       25.6040       23.2130       35.6960 
   1    H1       18.9910       24.9840       32.4530 
   1    H2       19.9030       18.1300       32.9850 
   1    H3       20.8910       17.0000       33.6450 
   1    H4       27.5800       20.4530       32.1710 
   1    H5       28.4180       20.4700       30.7630 
   1    H6       21.2390       25.8220       31.8640 
   1    H7       19.1020       21.0300       33.7550 
   1    H8       19.1510       21.4500       35.3390 
   1    H9       26.7800       22.8040       34.0430 
   1   H10       27.0530       24.2640       34.6580 
   1   H11       20.6080       22.7740       35.7360 
   1   H12       23.6980       25.5810       32.1010 
   1   H13       25.5780       24.6590       33.4910 
   1   H14       22.9120       22.8770       36.2420 
   1   H15       19.4950       16.6330       31.0740 
   1   H16       20.7470       15.5840       31.7620 
   1   H17       25.3230       17.3780       32.1260 
   1   H18       26.4470       20.5170       29.4340 
   1   H19       24.1350       20.6330       28.5590 
   1   H20       21.8280       19.8710       28.6540 
   1   H21       20.1020       18.3750       29.6620 
   1   H22       23.0300       16.7110       32.3060 
   1   H23       19.1910       15.4390       33.9580 
   1   H24       18.1180       16.3550       32.8650 
   1   H25       17.4130       16.8300       35.1320 
   1   H26       19.0940       17.1940       35.6290 
   1   H27       18.1000       19.5490       36.2490 
   1   H28       16.5330       18.9920       35.5790 
   1   H29       16.7650       20.7060       33.7620 
   1   H30       16.6630       21.4300       35.3780 
   1   H31       17.8690       22.9860       33.1680 
   1   H32       17.7460       23.4090       34.8560 
   1   H33       27.5580       17.9220       31.9460 
   1   H34       28.0190       18.2320       30.2920 
   1   H35       30.2090       19.2460       31.6170 
   1   H36       29.2500       18.7960       33.0410 
   1   H37       30.8400       20.5720       33.6510 
   1   H38       30.1970       21.6170       32.3360 
   1   H39       29.2770       23.3340       33.9500 
   1   H40       30.1520       22.3830       35.1940 
   1   H41       27.8060       21.8360       36.1520 
   1   H42       28.4030       23.5010       36.3920 
   1   H43       25.7270       23.7240       36.6510 
   1   H44       25.4080       22.1720       35.9520 

