Run semi-empirical minimization
 &qmmm
    qm_theory='AM1', grms_tol=0.0005,
 scfconv=1.d-10, ndiis_attempts=700,   qmcharge=1,
 /
   6    C1        2.6380       14.8370       22.0020 
   8    O1        1.8070       13.9720       22.1880 
   7    N1        2.6290       15.6410       20.9380 
   6    C2        1.7040       16.5570       20.5350 
   6    C3        2.0250       17.8990       20.1810 
   6    C4        0.8960       18.4390       19.5780 
   7    N2       -0.1630       17.6570       20.0590 
   6    C5        0.3380       16.4840       20.4880 
   6    C6       -1.5940       17.9160       19.9900 
   6    C7        0.6340       19.6810       18.8830 
   8    O2       -0.4630       20.2790       19.0010 
   7    N3        1.4790       20.0040       17.9070 
   6    C8        1.4520       21.2290       17.1880 
   6    C9        2.4610       21.7190       16.3920 
   6   C10        2.0510       22.9360       15.9060 
   7    N4        0.7970       23.1500       16.3530 
   6   C11        0.3420       21.9890       16.9360 
   6   C12        0.0040       24.3540       16.2650 
   6   C13        2.7170       23.8960       14.9890 
   8    O3        2.1840       24.9600       14.6240 
   7    N5        3.9890       23.6370       14.7180 
   6   C14        4.8160       24.5460       13.9710 
   6   C15        5.8770       24.1170       13.1430 
   6   C16        6.3890       25.2430       12.5060 
   7    N6        5.6980       26.3380       13.0410 
   6   C17        4.6920       25.8890       13.8130 
   6   C18        5.8980       27.7580       12.7790 
   6   C19        7.6130       25.4610       11.7650 
   8    O4        8.0850       26.5670       11.5020 
   7    N7        8.3980       24.3670       11.6500 
   6   C20        9.8440       24.5210       11.3630 
   6   C21       10.1830       24.1960        9.9390 
   6   C22       11.6800       23.9520        9.7620 
   7    N8       12.4670       24.9790        9.6230 
   7    N9       12.1880       22.7830       10.1260 
   1    H1        3.4340       14.9840       22.7170 
   1    H2        3.3980       15.6210       20.2840 
   1    H3        3.0050       18.2960       20.4010 
   1    H4       -0.1640       15.5720       20.7750 
   1    H5       -2.1350       17.0980       20.4650 
   1    H6       -1.8200       18.8490       20.5070 
   1    H7       -1.8990       17.9960       18.9470 
   1    H8        2.2040       19.3570       17.6310 
   1    H9        3.3670       21.1470       16.2560 
   1   H10       -0.6380       21.6180       17.1990 
   1   H11       -0.9680       24.1840       16.7280 
   1   H12        0.5160       25.1650       16.7830 
   1   H13       -0.1350       24.6220       15.2180 
   1   H14        4.4090       22.7760       15.0390 
   1   H15        6.1420       23.0710       13.1030 
   1   H16        3.8720       26.4140       14.2810 
   1   H17        5.1860       28.3400       13.3640 
   1   H18        6.9130       28.0400       13.0580 
   1   H19        5.7450       27.9570       11.7180 
   1   H20        7.9990       23.4450       11.7600 
   1   H21       10.4160       23.8750       12.0280 
   1   H22       10.1500       25.5430       11.5840 
   1   H23        9.8710       25.0180        9.2950 
   1   H24        9.6320       23.3090        9.6280 
   1   H25       13.4610       24.8410        9.5050 
   1   H26       12.0840       25.9140        9.6340 
   1   H27       13.1760       22.6050       10.0160 
   1   H28       11.5870       22.0700       10.5140 

