Run semi-empirical minimization
 &qmmm
    qm_theory='AM1', grms_tol=0.0005,
 scfconv=1.d-10, ndiis_attempts=700,   qmcharge=0,
 /
   6    C1       -0.0750        5.7070        0.9940 
   6    C2       -1.4140        5.8940        0.6650 
   7    N1        0.2800        5.6480        2.2840 
   6    C3        0.8750        5.5840       -0.0130 
   6    C4       -2.3610        6.0660        1.6630 
   6    C5       -1.8190        5.9920       -0.6590 
   6    C6        1.6230        5.4490        2.6370 
   6    C7       -0.7560        5.4180        3.3190 
   6    C8        2.2100        5.3840        0.3100 
   6    C9       -3.6690        6.3410        1.2770 
   6   C10       -1.9600        6.2990        2.9750 
   6   C11       -3.0810        6.2810       -0.9650 
   6   C12        2.5860        5.3040        1.6450 
   6   C13        3.1350        5.1350       -0.6980 
   6   C14       -3.9920        6.4570       -0.0100 
   8    O1       -3.6290        6.4670       -2.1940 
   6   C15        3.9080        5.0190        1.9770 
   6   C16        4.4540        4.8430       -0.3730 
   8    O2       -5.2030        6.7580       -0.5500 
   6   C17       -5.0440        6.5170       -1.9560 
   6   C18        4.8370        4.8190        0.9630 
   8    O3        4.2750        4.8770        3.2800 
   8    O4        6.1370        4.6790        1.3380 
   6   C19        4.1820        6.1360        3.9500 
   6   C20        6.9190        4.2710        0.2140 
   1    H1        0.5750        5.6440       -1.0490 
   1    H2       -1.1060        5.8330       -1.4550 
   1    H3        1.9070        5.4090        3.6780 
   1    H4       -0.3640        5.7050        4.2950 
   1    H5       -1.0570        4.3700        3.3040 
   1    H6       -4.4380        6.4630        2.0250 
   1    H7       -2.7830        6.0700        3.6520 
   1    H8       -1.6870        7.3480        3.0900 
   1    H9        2.8280        5.1690       -1.7330 
   1   H10        5.1700        4.6380       -1.1550 
   1   H11       -5.4880        5.5550       -2.2110 
   1   H12       -5.4760        7.3460       -2.5170 
   1   H13        4.4770        6.0160        4.9920 
   1   H14        4.8430        6.8550        3.4660 
   1   H15        3.1550        6.4980        3.9030 
   1   H16        7.9600        4.1590        0.5160 
   1   H17        6.5460        3.3180       -0.1620 
   1   H18        6.8480        5.0240       -0.5710 

