Run semi-empirical minimization
 &qmmm
    qm_theory='AM1', grms_tol=0.0005,
 scfconv=1.d-10, ndiis_attempts=700,   qmcharge=2,
 /
   6    C1        9.5750       19.3500       14.1550 
   7    N1        8.8340       18.4010       14.6000 
   7    N2       10.7520       19.5120       14.6080 
   6    C2        8.1440       18.2910       15.6990 
   6    C3        8.7960       18.5690       17.0030 
   6    C4        8.6790       17.2980       17.8040 
   6    C5        8.1490       16.2420       16.9410 
   6    C6        8.0350       16.7850       15.5770 
   6    C7        8.1740       21.8230       10.9970 
   6    C8        7.2750       21.3990       11.9860 
   6    C9        7.7320       20.5670       13.0520 
   6   C10        9.0780       20.1870       13.0970 
   6   C11        9.9730       20.6010       12.1220 
   6   C12        9.5180       21.4240       11.0630 
   6   C13        7.7830       22.6710        9.9200 
   8    O1        8.7840       23.0240        9.0140 
   6   C14        6.5690       23.2380        9.5870 
   6   C15        6.8110       23.9890        8.3930 
   6   C16        8.1370       23.7950        8.0940 
   6   C17        8.9450       24.2120        7.0090 
   6   C18        8.3970       24.9820        5.9630 
   6   C19        9.1920       25.3600        4.8780 
   6   C20       10.5430       24.9460        4.8490 
   6   C21       11.0520       24.1810        5.9050 
   6   C22       10.2630       23.8070        6.9910 
   6   C23       11.4680       25.2810        3.7070 
   7    N3       11.6000       26.4910        3.1020 
   7    N4       12.1930       24.2760        3.2020 
   6   C24       12.5980       26.7440        2.2300 
   6   C25       13.4260       27.9390        2.5760 
   6   C26       13.4100       28.9950        1.5070 
   6   C27       12.2700       28.6500        0.5850 
   6   C28       11.9360       27.2030        0.9350 
   1    H1        9.1760       20.0340       14.9040 
   1    H2        8.0800       18.2290       13.9500 
   1    H3       11.1850       20.2990       14.1470 
   1    H4       10.7100       19.6860       15.6020 
   1    H5       11.2970       18.6800       14.4350 
   1    H6        7.1720       18.7770       15.6190 
   1    H7        9.2860       19.4320       17.4280 
   1    H8        8.9700       17.2860       18.8440 
   1    H9        7.9200       15.2710       17.3550 
   1   H10        7.9010       16.1170       14.7390 
   1   H11        6.2390       21.7020       11.9400 
   1   H12        7.0410       20.2370       13.8140 
   1   H13       11.0080       20.2960       12.1740 
   1   H14       10.2140       21.7450       10.3020 
   1   H15        5.7010       23.0570       10.2040 
   1   H16        6.0080       24.5480        7.9340 
   1   H17        7.3600       25.2810        5.9990 
   1   H18        8.7710       25.9570        4.0820 
   1   H19       12.0840       23.8630        5.8930 
   1   H20       10.6580       23.2160        7.8040 
   1   H21       12.2670       25.5260        4.4060 
   1   H22       10.7700       26.6900        2.5620 
   1   H23       12.7700       24.6220        2.4480 
   1   H24       12.7820       23.8890        3.9250 
   1   H25       11.5750       23.5580        2.8510 
   1   H26       13.2190       25.8630        2.0690 
   1   H27       13.9990       28.0930        3.4780 
   1   H28       14.1390       29.7910        1.5240 
   1   H29       11.8950       29.3870       -0.1100 
   1   H30       11.2920       26.6260        0.2880 

