Run semi-empirical minimization
 &qmmm
    qm_theory='AM1', grms_tol=0.0005,
 scfconv=1.d-10, ndiis_attempts=700,   qmcharge=2,
 /
   6    C1       39.2690       34.5000       36.4410 
   6    C2       37.4210       36.3760       40.2330 
   6    C3       40.7960       33.9240       35.0400 
   6    C4       41.7070       33.1870       34.1900 
   6    C5       38.2700       35.3090       40.9420 
   6    C6       38.3060       34.3600       37.5990 
   6    C7       41.0370       35.1860       35.5120 
   6    C8       38.3590       33.9410       40.2190 
   6    C9       42.5690       31.4880       33.2710 
   6   C10       42.8320       30.1340       32.8230 
   6   C11       44.3870       24.2220       35.0490 
   6   C12       43.4590       32.5230       33.2360 
   6   C13       42.9520       23.6760       34.9680 
   6   C14       42.5770       28.0150       32.5730 
   6   C15       41.9530       24.6530       35.6310 
   6   C16       43.7780       28.4100       32.0590 
   6   C17       42.2060       26.5960       32.6140 
   6   C18       39.1360       33.9860       38.8610 
   6   C19       36.0620       33.2060       37.6670 
   6   C20       35.4520       31.9900       37.1210 
   6   C21       34.2000       31.5630       37.4430 
   6   C22       40.5350       24.5990       35.0170 
   6   C23       35.0750       30.1330       36.1860 
   6   C24       35.3250       28.9190       35.4600 
   6   C25       42.2240       36.0650       35.2400 
   6   C26       34.3700       27.9530       35.3850 
   6   C27       44.9190       32.4680       32.8990 
   6   C28       36.0840       27.2470       34.4060 
   6   C29       37.0640       26.3410       33.8700 
   6   C30       40.3780       25.1490       33.5640 
   6   C31       36.8240       25.0330       33.5870 
   6   C32       38.9000       25.4310       33.3890 
   7    N1       35.9690       36.0100       40.0810 
   7    N2       44.5060       25.4670       34.2140 
   7    N3       39.6190       33.4810       35.6220 
   7    N4       41.1020       26.4140       33.3460 
   7    N5       41.4010       31.9060       33.8870 
   7    N6       36.4590       28.4810       34.8040 
   7    N7       41.9420       29.1520       33.0670 
   7    N8       36.0460       31.0610       36.2780 
   7    N9       37.3390       33.3020       37.2770 
   7   N10       38.4010       26.6290       33.7530 
   8    O1       43.9920       29.7480       32.2000 
   8    O2       33.9090       30.3590       36.8770 
   8    O3       42.9430       33.6560       33.7890 
   8    O4       40.0930       35.6030       36.3960 
   8    O5       34.8000       26.8540       34.7030 
   8    O6       37.9910       24.3910       33.2670 
   8    O7       35.5480       34.0130       38.4130 
   8    O8       42.8560       25.6610       32.1900 
   1    H1       37.8460       36.5820       39.2510 
   1    H2       37.5010       37.3190       40.7730 
   1    H3       37.8890       35.1580       41.9520 
   1    H4       39.2760       35.6970       41.1030 
   1    H5       37.7840       35.3030       37.7640 
   1    H6       37.3530       33.5570       40.0470 
   1    H7       38.8290       33.2130       40.8800 
   1    H8       45.0830       23.4690       34.6800 
   1    H9       44.6290       24.4560       36.0860 
   1   H10       42.9020       22.7100       35.4700 
   1   H11       42.6780       23.5300       33.9230 
   1   H12       42.3400       25.6700       35.5590 
   1   H13       41.8930       24.4400       36.6980 
   1   H14       44.4360       27.6840       31.6050 
   1   H15       39.9790       34.6710       38.9520 
   1   H16       39.6270       33.0270       38.6960 
   1   H17       33.5710       32.1670       38.0800 
   1   H18       39.8390       25.1200       35.6750 
   1   H19       40.1670       23.5740       35.0540 
   1   H20       42.1060       37.0100       35.7700 
   1   H21       43.1310       35.5680       35.5830 
   1   H22       42.2980       36.2560       34.1690 
   1   H23       33.4040       28.1130       35.8400 
   1   H24       45.3450       33.4690       32.9630 
   1   H25       45.4300       31.8110       33.6020 
   1   H26       45.0440       32.0840       31.8870 
   1   H27       40.7050       24.4010       32.8420 
   1   H28       35.8170       24.6460       33.6350 
   1   H29       35.4810       36.7570       39.6080 
   1   H30       35.8900       35.1610       39.5390 
   1   H31       35.5600       35.8650       40.9930 
   1   H32       45.4500       25.8220       34.2700 
   1   H33       44.2850       25.2500       33.2520 
   1   H34       43.8630       26.1660       34.5570 
   1   H35       40.6770       27.1970       33.8230 
   1   H36       37.7420       32.5880       36.6880 

