Run semi-empirical minimization
 &qmmm
    qm_theory='AM1', grms_tol=0.0005,
 scfconv=1.d-10, ndiis_attempts=700,   qmcharge=2,
 /
   6    C1       14.8530       25.1950        2.0330 
   7    N1       15.8410       24.3170        2.1380 
   7    N2       14.8420       26.0390        1.0100 
   7    N3       14.0050       25.3920        3.0450 
   6    C2       13.2460       24.2950        3.6290 
   6    C3       12.0880       24.7760        4.4890 
   8    O1       11.5380       25.8740        4.2800 
   7    N4       11.8000       23.8800        5.4580 
   6    C4       10.6850       24.0050        6.2290 
   6    C5       10.2780       23.1480        7.2360 
   6    C6        9.0460       23.6150        7.7390 
   7    N5        8.7360       24.7850        7.0360 
   6    C7        7.5230       25.7050        7.2270 
   6    C8        9.6830       24.9730        6.1620 
   6    C9        8.3660       23.1260        8.8890 
   8    O2        7.1990       23.4550        9.1440 
   7    N6        9.0690       22.5410        9.9010 
   6   C10        8.5070       21.8590       10.9450 
   6   C11        9.2300       21.1820       11.9110 
   6   C12        8.3250       20.4760       12.7120 
   7    N7        7.0290       20.7620       12.2280 
   6   C13        5.6980       20.4270       12.8690 
   6   C14        7.1620       21.5500       11.2010 
   6   C15        8.7010       19.7310       13.8630 
   8    O3        7.9310       18.9670       14.4680 
   7    N8        9.9070       19.8900       14.4240 
   6   C16       10.3220       19.2040       15.6200 
   6   C17       10.9280       17.8700       15.3280 
   6   C18       11.5770       17.3290       16.5760 
   7    N9       10.9980       16.3770       17.3020 
   7   N10       12.6050       18.0230       17.0480 
   1    H1       15.8610       23.6690        2.9130 
   1    H2       16.5740       24.2960        1.4440 
   1    H3       14.0950       26.7120        0.9190 
   1    H4       15.5810       26.0080        0.3220 
   1    H5       13.8780       26.3200        3.4240 
   1    H6       13.9110       23.6740        4.2300 
   1    H7       12.8650       23.6540        2.8340 
   1    H8       12.4180       23.0980        5.6220 
   1    H9       10.8890       22.2980        7.5010 
   1   H10        7.5790       26.5320        6.5190 
   1   H11        6.6070       25.1400        7.0540 
   1   H12        7.5200       26.0970        8.2440 
   1   H13        9.7490       25.7690        5.4350 
   1   H14       10.0780       22.5950        9.9120 
   1   H15       10.3060       21.2650       11.9370 
   1   H16        4.8880       20.7880       12.2360 
   1   H17        5.6120       19.3470       12.9860 
   1   H18        5.6350       20.9040       13.8470 
   1   H19        6.3850       21.9590       10.5720 
   1   H20       10.5790       20.5180       14.0070 
   1   H21        9.4640       19.0760       16.2800 
   1   H22       11.0420       19.8190       16.1590 
   1   H23       11.6790       17.9760       14.5450 
   1   H24       10.1500       17.1830       14.9960 
   1   H25       11.4520       16.0300       18.1350 
   1   H26       10.1040       16.0010       17.0210 
   1   H27       13.0830       17.7130       17.8820 
   1   H28       12.9090       18.8610       16.5730 

