Run semi-empirical minimization
 &qmmm
    qm_theory='AM1', grms_tol=0.0005,
 scfconv=1.d-10, ndiis_attempts=700,   qmcharge=0,
 /
   7    N1        4.0220       21.3730        9.9950 
   6    C1        3.8070       19.9850        9.5820 
   6    C2        4.7710       19.0560       10.2740 
   8    O1        5.8600       19.4670       10.6650 
   6    C3        3.9590       19.7390        8.0720 
   8    O2        5.2200       20.3180        7.6790 
   6    C4        2.8550       20.3630        7.2380 
   1    H1        4.6470       21.4060       10.7550 
   7    N2        4.3420       17.8070       10.4490 
   6    C5        5.2480       16.7400       10.8440 
   6    C6        4.8040       15.4080       10.1890 
   6    C7        5.7550       14.2510       10.4660 
   6    C8        4.5880       15.5350        8.6840 
   6    C9        5.3540       16.6310       12.3660 
   8    O3        4.3740       16.2150       12.9890 
   1    H2        3.3970       17.5990       10.3220 
   7    N3        6.4490       17.0080       13.0450 
   6   C10        7.6610       17.5990       12.4710 
   6   C11        8.5190       16.6320       11.6530 
   8    O4        8.6370       15.4720       12.0550 
   6   C12        8.4140       18.0480       13.7020 
   6   C13        7.3780       18.1820       14.7790 
   6   C14        6.5550       16.9490       14.4970 
   7    N4        9.1400       17.0450       10.5330 
   6   C15        9.1120       18.3940        9.9830 
   6   C16        8.2050       18.5580        8.7630 
   8    O5        7.3950       17.6630        8.5090 
   6   C17        9.9450       16.0920        9.7770 
   7    N5        8.2680       19.6540        7.9820 
   6   C18        9.0810       20.7840        8.4140 
   6   C19        7.5090       19.9260        6.7620 
   6   C20        8.3020       19.3900        5.5180 
   6   C21        8.2990       17.8710        5.3400 
   6   C22        7.8980       20.1290        4.2480 
   6   C23        6.0110       19.5790        6.8080 
   8    O6        5.4620       18.9500        5.8980 
   6   C24        3.0020       23.4950       10.4950 
   6   C25        2.9440       22.0890       10.3220 
   8    O7        1.8760       21.5090       10.5130 
   6   C26        2.7660       24.4300        9.4400 
   7    N6        2.4730       24.0530        8.1910 
   6   C27        2.8370       25.8240        9.7010 
   8    O8        2.6300       26.6200        8.7770 
   6   C28        3.1350       26.3050       11.0030 
   8    O9        3.6450       25.8010       13.3050 
   6   C29        4.1570       25.3450       15.6210 
   6   C30        4.3760       24.3840       16.6310 
   6   C31        4.3020       23.0030       16.3440 
   9    F1        4.5280       22.1370       17.3500 
   6   C32        4.0000       22.5590       15.0300 
   6   C33        3.9130       21.1880       14.6940 
   8   O10        4.9290       20.6150       14.2850 
   7    N7        3.5080       23.1480       12.7840 
   6   C34        3.2950       23.9870       11.7900 
   6   C35        3.3630       25.3850       12.0460 
   6   C36        3.8630       24.9180       14.3080 
   6   C37        3.7850       23.5270       14.0160 
   6   C38        3.2070       27.8010       11.2850 
   6   C39        4.2410       26.8250       15.9620 
   1    H3        2.3140       24.7600        7.4800 
   1    H4        2.4030       23.0770        7.9420 
   7    N8        2.7400       20.5300       14.7760 
   6   C40        2.7850       19.0690       14.6220 
   6   C41        1.6240       18.5200       13.8200 
   8   O11        0.5380       19.0920       13.8190 
   6   C42        2.8240       18.2650       15.9460 
   8   O12        1.6790       18.6530       16.7200 
   6   C43        4.0460       18.4820       16.8180 
   1    H5        2.0770       20.9350       14.1780 
   7    N9        1.8300       17.3880       13.1540 
   6   C44        0.7610       16.7020       12.4480 
   6   C45        1.0430       15.1800       12.4110 
   6   C46       -0.0470       14.3790       11.7130 
   6   C47        1.2880       14.5940       13.7930 
   6   C48        0.6680       17.3000       11.0470 
   8   O13        1.6160       17.1150       10.2760 
   1    H6        2.7280       17.0100       13.1170 
   7   N10       -0.3680       18.0600       10.6640 
   6   C49       -1.5230       18.4330       11.4940 
   6   C50       -2.5210       17.3280       11.8590 
   8   O14       -2.6920       16.4010       11.0580 
   6   C51       -2.1760       19.5080       10.6560 
   6   C52       -1.8950       19.0880        9.2380 
   6   C53       -0.4330       18.7230        9.3620 
   7   N11       -3.1520       17.3420       13.0460 
   6   C54       -2.9290       18.2840       14.1350 
   6   C55       -1.9670       17.7650       15.2090 
   8   O15       -1.5610       16.6070       15.1220 
   6   C56       -4.2140       16.3750       13.2900 
   7   N12       -1.5630       18.5550       16.2260 
   6   C57       -1.7610       19.9900       16.1100 
   6   C58       -0.6990       18.2060       17.3530 
   6   C59       -1.3930       17.2290       18.3530 
   6   C60       -0.5220       16.9910       19.5830 
   6   C61       -2.7420       17.7520       18.8290 
   6   C62        0.6820       17.7080       16.9180 
   8   O16        0.8850       16.5240       16.6390 
   1    H7        2.7960       19.6990        9.8710 
   1    H8        3.9850       18.6650        7.8850 
   1    H9        3.0290       20.1480        6.1840 
   1   H10        1.8930       19.9480        7.5390 
   1   H11        2.8490       21.4420        7.3920 
   1   H12        6.2380       16.9850       10.4590 
   1   H13        3.8420       15.1420       10.6280 
   1   H14        5.3840       13.3500        9.9780 
   1   H15        6.7450       14.4920       10.0780 
   1   H16        5.8190       14.0820       11.5410 
   1   H17        4.2780       14.5720        8.2780 
   1   H18        3.8140       16.2770        8.4890 
   1   H19        5.5180       15.8470        8.2080 
   1   H20        7.3980       18.4640       11.8630 
   1   H21        8.8680       19.0210       13.5140 
   1   H22        9.1340       17.2800       13.9860 
   1   H23        6.7720       19.0660       14.5810 
   1   H24        7.8600       18.0730       15.7510 
   1   H25        7.1280       16.0650       14.7780 
   1   H26        5.5640       17.0740       14.9330 
   1   H27       10.1260       18.6990        9.7230 
   1   H28        8.8030       19.0940       10.7590 
   1   H29       10.3730       16.5880        8.9060 
   1   H30       10.7480       15.7120       10.4090 
   1   H31        9.3170       15.2630        9.4500 
   1   H32        9.0210       21.5800        7.6720 
   1   H33        8.7130       21.1520        9.3720 
   1   H34       10.1180       20.4660        8.5220 
   1   H35        7.5360       21.0110        6.6580 
   1   H36        9.3430       19.6610        5.6960 
   1   H37        8.8740       17.6080        4.4520 
   1   H38        8.7470       17.4010        6.2160 
   1   H39        7.2730       17.5200        5.2250 
   1   H40        8.4640       19.7360        3.4030 
   1   H41        6.8320       19.9880        4.0680 
   1   H42        8.1090       21.1920        4.3630 
   1   H43        4.6030       24.7010       17.6380 
   1   H44        3.4460       27.9620       12.3360 
   1   H45        3.9810       28.2520       10.6640 
   1   H46        2.2450       28.2610       11.0570 
   1   H47        4.0460       27.4160       15.0670 
   1   H48        3.5000       27.0650       16.7250 
   1   H49        5.2370       27.0560       16.3390 
   1   H50        3.6960       18.8310       14.0740 
   1   H51        2.7450       17.2030       15.7130 
   1   H52        3.9650       17.8700       17.7160 
   1   H53        4.9420       18.1990       16.2650 
   1   H54        4.1100       19.5330       17.1000 
   1   H55       -0.1790       16.8760       12.9720 
   1   H56        1.9590       15.0390       11.8380 
   1   H57        0.2150       13.3210       11.7240 
   1   H58       -0.9940       14.5230       12.2330 
   1   H59       -0.1440       14.7180       10.6820 
   1   H60        1.4800       13.5250       13.7060 
   1   H61        2.1500       15.0820       14.2470 
   1   H62        0.4090       14.7550       14.4180 
   1   H63       -1.1560       18.8870       12.4150 
   1   H64       -1.6900       20.4630       10.8520 
   1   H65       -3.2520       19.4960       10.8290 
   1   H66       -1.9900       19.9560        8.5850 
   1   H67       -2.4680       18.1880        9.0140 
   1   H68       -0.1730       18.0080        8.5810 
   1   H69        0.1640       19.6340        9.3920 
   1   H70       -3.8840       18.5360       14.5960 
   1   H71       -2.5470       19.2210       13.7300 
   1   H72       -4.6170       16.5220       14.2920 
   1   H73       -5.0080       16.5140       12.5560 
   1   H74       -3.8130       15.3650       13.2050 
   1   H75       -1.3850       20.4830       17.0060 
   1   H76       -1.2230       20.3620       15.2380 
   1   H77       -2.8240       20.2030       15.9980 
   1   H78       -0.5280       19.1320       17.9020 
   1   H79       -1.5500       16.2740       17.8510 
   1   H80       -1.0310       16.3070       20.2620 
   1   H81        0.4300       16.5570       19.2760 
   1   H82       -0.3420       17.9390       20.0900 
   1   H83       -3.1850       17.0370       19.5230 
   1   H84       -2.6040       18.7090       19.3330 
   1   H85       -3.4040       17.8850       17.9730 

