Run semi-empirical minimization
 &qmmm
    qm_theory='AM1', grms_tol=0.0005,
 scfconv=1.d-10, ndiis_attempts=700,   qmcharge=4,
 /
   7    N1       -4.9610       22.0660        9.3730 
   6    C1       -5.8010       21.7130        8.1180 
   6    C2       -6.6080       22.9230        7.5980 
   6    C3       -7.6090       22.4180        6.4680 
   7    N2       -8.3480       23.6040        5.8560 
   6    C4       -9.8630       23.2750        5.7330 
   6    C5      -10.0860       21.7530        5.6350 
   6    C6      -11.5010       21.3450        6.1100 
   6    C7      -11.6460       21.2200        7.6310 
   7    N3      -12.1610       19.7480        7.9890 
   6    C8      -10.8480       19.0400        8.5600 
   6    C9      -10.4770       17.8190        7.6960 
   6   C10      -10.8590       17.9240        6.2400 
   7    N4      -10.9020       16.5740        5.4790 
   1    H1       -4.4510       21.2490        9.6780 
   1    H2       -4.3090       22.8040        9.1460 
   1    H3       -5.5740       22.3750       10.1130 
   1    H4       -6.4840       20.8970        8.3560 
   1    H5       -5.1410       21.3520        7.3300 
   1    H6       -5.9250       23.6600        7.1750 
   1    H7       -7.1770       23.3590        8.4190 
   1    H8       -8.3300       21.7270        6.9040 
   1    H9       -7.0470       21.9000        5.6910 
   1   H10       -7.9710       23.7990        4.9400 
   1   H11       -8.2270       24.4160        6.4440 
   1   H12      -10.2690       23.7590        4.8450 
   1   H13      -10.3910       23.6640        6.6040 
   1   H14       -9.3380       21.2370        6.2380 
   1   H15       -9.9430       21.4310        4.6030 
   1   H16      -11.7810       20.4010        5.6420 
   1   H17      -12.2290       22.0650        5.7360 
   1   H18      -12.3680       21.9540        7.9880 
   1   H19      -10.6790       21.3910        8.1030 
   1   H20      -12.4500       19.2810        7.1410 
   1   H21      -12.8530       19.8060        8.7220 
   1   H22      -11.0260       18.7180        9.5860 
   1   H23      -10.0220       19.7510        8.5570 
   1   H24      -10.9290       16.9240        8.1240 
   1   H25       -9.4060       17.6340        7.7750 
   1   H26      -10.1710       18.6010        5.7340 
   1   H27      -11.8280       18.4160        6.1560 
   1   H28      -11.1650       16.7370        4.5180 
   1   H29       -9.9900       16.1410        5.5100 
   1   H30      -11.5790       15.9630        5.9130 

