Run semi-empirical minimization
 &qmmm
    qm_theory='AM1', grms_tol=0.0005,
 scfconv=1.d-10, ndiis_attempts=700,   qmcharge=2,
 /
   7    N1       11.5100       17.5570       17.7950 
   7    N2       10.0760       15.8260       17.7750 
   6    C1       10.7530       16.7400       17.1650 
   7    N3       10.6240       16.7400       15.9120 
   6    C2       11.1090       17.5810       14.9110 
   6    C3        9.8470       18.2520       14.3270 
   8    O1        8.7080       18.0280       14.8250 
   7    N4       10.0570       18.9980       13.3000 
   6    C4        9.0450       19.6460       12.6100 
   7    N5        7.1080       20.4270       11.7750 
   6    C5        8.1030       20.8670       10.9990 
   6    C6        7.6940       19.6460       12.7830 
   6    C7        5.6370       20.6000       11.7480 
   7    N6        9.3310       20.4030       11.4960 
   6    C8        7.8790       21.7230        9.8060 
   8    O2        6.7740       22.0720        9.4210 
   7    N7        8.9940       22.0800        9.1890 
   6    C9        8.9970       22.9470        8.0420 
   6   C10       10.0350       23.1320        7.0940 
   6   C11        9.6000       24.0510        6.1660 
   6   C12        7.9850       23.7920        7.6840 
   7    N8        8.3070       24.4550        6.5840 
   6   C13        7.3770       25.3820        6.0070 
   6   C14       10.2180       24.6870        5.0120 
   8    O3        9.6820       25.6130        4.3560 
   7    N9       11.4620       24.3250        4.7210 
   6   C15       12.1690       25.0320        3.5800 
   6   C16       12.4640       24.1650        2.4460 
   6   C17       13.7380       24.6790        1.7300 
   7   N10       13.6150       25.8530        1.1600 
   7   N11       14.8170       23.9840        1.7370 
   1    H1       12.0270       18.2610       17.2870 
   1    H2       11.5910       17.4980       18.8000 
   1    H3        9.4880       15.1970       17.2480 
   1    H4       10.1350       15.7400       18.7800 
   1    H5       10.0750       16.0220       15.4610 
   1    H6       11.5900       16.9820       14.1380 
   1    H7       11.7490       18.3420       15.3580 
   1    H8       10.9980       19.1350       12.9590 
   1    H9        7.2550       19.0960       13.6020 
   1   H10        5.1920       20.0600       12.5840 
   1   H11        5.3940       21.6590       11.8290 
   1   H12        5.2420       20.2080       10.8110 
   1   H13        9.8860       21.7410        9.5210 
   1   H14       10.9610       22.5860        7.1940 
   1   H15        7.0860       23.8410        8.2800 
   1   H16        6.4790       25.4270        6.6230 
   1   H17        7.8320       26.3710        5.9570 
   1   H18        7.1120       25.0540        5.0020 
   1   H19       11.9140       23.5960        5.2540 
   1   H20       13.0950       25.4750        3.9470 
   1   H21       11.5620       25.8730        3.2440 
   1   H22       11.6250       24.1800        1.7500 
   1   H23       12.6320       23.1480        2.8000 
   1   H24       14.3990       26.2620        0.6710 
   1   H25       12.7360       26.3490        1.2100 
   1   H26       15.6420       24.3280        1.2670 
   1   H27       14.8410       23.0930        2.2120 

