Run semi-empirical minimization
 &qmmm
    qm_theory='AM1', grms_tol=0.0005,
 scfconv=1.d-10, ndiis_attempts=700,   qmcharge=1,
 /
   7    N1       -8.9070       -4.8720       -0.4300 
   6    C1       -7.8250       -4.6650       -1.4190 
   6    C2       -8.4150       -4.6770       -2.8740 
   8    O1       -8.8580       -5.9920       -3.2050 
   6    C3       -7.3850       -4.2290       -3.9540 
   8    O2       -8.0550       -4.1210       -5.2080 
   6    C4       -6.7550       -2.8610       -3.5600 
   6    C5       -5.6570       -2.3780       -4.5240 
   8    O3       -5.9400       -1.0830       -5.0320 
   8    O4       -6.1490       -3.0050       -2.2370 
   6    C6       -7.0520       -3.3330       -1.1230 
   8    O5       -6.2830       -3.5060        0.0960 
   6    C7       -5.4230       -2.4200        0.5500 
   6    C8       -4.0090       -2.9930        0.7460 
   6    C9       -3.3360       -2.1220        1.8230 
   6   C10       -4.4610       -1.2830        2.5210 
   6   C11       -3.9700        0.1670        2.2980 
   6   C12       -4.6030        1.3540        2.7180 
   6   C13       -4.0330        2.6060        2.4300 
   6   C14       -4.6610        3.7960        2.8400 
   6   C15       -4.0790        5.0390        2.5430 
   6   C16       -2.8700        5.1180        1.8410 
   6   C17       -2.2060        3.9480        1.4110 
   6   C18       -2.7620        2.6770        1.6890 
   6   C19       -2.1310        1.4810        1.2750 
   6   C20       -2.7600        0.2240        1.5910 
   6   C21       -2.2840       -1.1370        1.2530 
   8    O6       -1.2550       -1.4320        0.6410 
   6   C22       -5.8620       -1.7680        1.9220 
   6   C23       -6.9700       -0.5750        1.7700 
   6   C24       -6.9600        0.3260        0.6570 
   6   C25       -7.9100        1.3560        0.5420 
   6   C26       -8.8940        1.5150        1.5330 
   6   C27       -8.9420        0.6590        2.6320 
   6   C28       -7.9970       -0.3850        2.7620 
   6   C29       -8.0940       -1.3170        3.9890 
   6   C30       -7.7270       -2.7910        3.6980 
   6   C31       -6.3980       -2.9310        2.9080 
   8    O7       -5.7600       -3.9750        3.0650 
   1    H1       -8.5180       -4.8630        0.5020 
   1    H2       -9.5890       -4.1320       -0.5170 
   1    H3       -9.3530       -5.7620       -0.5990 
   1    H4       -7.1210       -5.4930       -1.3310 
   1    H5       -9.2710       -4.0030       -2.9080 
   1    H6       -9.2180       -5.9940       -4.0950 
   1    H7       -6.5970       -4.9780       -4.0310 
   1    H8       -7.4300       -3.8450       -5.8830 
   1    H9       -7.5420       -2.1080       -3.5110 
   1   H10       -5.5670       -3.0810       -5.3520 
   1   H11       -4.6990       -2.3620       -4.0040 
   1   H12       -5.2380       -0.8120       -5.6280 
   1   H13       -7.7680       -2.5220       -0.9870 
   1   H14       -5.3910       -1.6470       -0.2170 
   1   H15       -3.4520       -2.9100       -0.1870 
   1   H16       -4.0810       -4.0200        1.1040 
   1   H17       -2.8600       -2.7680        2.5610 
   1   H18       -4.4450       -1.4970        3.5900 
   1   H19       -5.5330        1.3060        3.2650 
   1   H20       -5.5930        3.7550        3.3850 
   1   H21       -4.5640        5.9510        2.8570 
   1   H22       -2.4340        6.0820        1.6220 
   1   H23       -1.2740        4.0240        0.8700 
   1   H24       -1.1970        1.5220        0.7340 
   1   H25       -6.2130        0.2220       -0.1160 
   1   H26       -7.8830        2.0230       -0.3070 
   1   H27       -9.6230        2.3070        1.4480 
   1   H28       -9.7020        0.7920        3.3870 
   1   H29       -9.1030       -1.2700        4.3990 
   1   H30       -7.4530       -0.9350        4.7840 
   1   H31       -8.5340       -3.2610        3.1360 
   1   H32       -7.6490       -3.3370        4.6380 

