Run semi-empirical minimization
 &qmmm
    qm_theory='AM1', grms_tol=0.0005,
 scfconv=1.d-10, ndiis_attempts=700,   qmcharge=2,
 /
   7    N1       10.8310       19.7020       13.6780 
   7    N2        8.9380       19.0310       14.7250 
   6    C1        9.5080       19.7240       13.7110 
   6    C2        8.8600       20.4600       12.6930 
   6    C3        9.6740       20.9350       11.6570 
   6    C4        9.1510       21.7060       10.6010 
   6    C5        7.7920       22.0290       10.5560 
   6    C6        6.9440       21.5610       11.5560 
   6    C7        7.4790       20.7650       12.6230 
   7    N3        9.7630       22.2660        9.5390 
   6    C8        8.8040       22.9600        8.8530 
   7    N4        7.6230       22.8130        9.4260 
   6    C9        9.0740       23.6890        7.7390 
   6   C10       10.3190       23.6380        7.1370 
   6   C11       10.5000       24.2840        5.9060 
   6   C12        9.4630       24.9860        5.3280 
   6   C13        8.2380       25.0440        5.9710 
   6   C14        8.0520       24.4120        7.1950 
   7    N5       11.5530       24.4030        5.0670 
   6   C15       11.1670       25.1740        3.9940 
   7    N6        9.9320       25.5830        4.1660 
   6   C16       11.9050       25.3860        2.8650 
   6   C17       12.9850       24.5520        2.5990 
   6   C18       13.7620       24.7880        1.4700 
   6   C19       13.4640       25.8860        0.6390 
   6   C20       12.3200       26.6670        0.8850 
   6   C21       11.5400       26.4300        2.0210 
   6   C22       14.3390       26.2450       -0.3940 
   7    N7       15.6270       25.8830       -0.3210 
   7    N8       13.8840       26.9610       -1.4270 
   1    H1       11.3260       20.1970       12.9500 
   1    H2       11.3450       19.1910       14.3810 
   1    H3        7.9320       19.0020       14.8150 
   1    H4        9.5180       18.5430       15.3920 
   1    H5       10.7310       20.7120       11.6550 
   1    H6        5.8910       21.7980       11.5250 
   1    H7        6.8050       20.3960       13.3830 
   1    H8       10.7520       22.1220        9.3920 
   1    H9       11.1290       23.1080        7.6160 
   1   H10        7.4170       25.5840        5.5220 
   1   H11        7.1090       24.4890        7.7150 
   1   H12       12.4310       23.9570        5.2920 
   1   H13       13.2120       23.7330        3.2650 
   1   H14       14.5870       24.1320        1.2360 
   1   H15       12.0430       27.4510        0.1960 
   1   H16       10.6740       27.0330        2.2510 
   1   H17       16.2660       26.1370       -1.0610 
   1   H18       15.9590       25.3560        0.4740 
   1   H19       14.5100       27.2230       -2.1750 
   1   H20       12.9140       27.2400       -1.4600 

