Run semi-empirical minimization
 &qmmm
    qm_theory='AM1', grms_tol=0.0005,
 scfconv=1.d-10, ndiis_attempts=700,   qmcharge=2,
 /
   7    N1        6.2190       -4.2820        6.3160 
   6    C1        5.5720       -2.9860        6.1500 
   6    C2        4.7000       -3.0300        4.8320 
   6    C3        3.9870       -1.6890        4.3740 
   6    C4        3.0750       -1.7530        3.1070 
   7    N2        3.8210       -2.2280        1.9150 
   6    C5        3.3880       -2.9930        0.8930 
   7    N3        2.1710       -3.4880        0.8010 
   7    N4        4.2180       -3.2820       -0.0940 
   6    C6        4.7500       -2.6620        7.4220 
   8    O1        4.4880       -1.5000        7.7390 
   7    N5        4.3050       -3.6250        8.2210 
   1    H1        6.7820       -4.2730        7.1550 
   1    H2        5.5160       -5.0030        6.3910 
   1    H3        6.8090       -4.4690        5.5180 
   1    H4        6.3430       -2.2250        6.0310 
   1    H5        3.9530       -3.8190        4.9240 
   1    H6        5.3100       -3.4080        4.0120 
   1    H7        4.7400       -0.9130        4.2340 
   1    H8        3.4130       -1.2860        5.2080 
   1    H9        2.6630       -0.7640        2.9060 
   1   H10        2.2350       -2.4200        3.2990 
   1   H11        4.7760       -1.9000        1.9310 
   1   H12        1.9150       -4.0540        0.0050 
   1   H13        1.4940       -3.3010        1.5260 
   1   H14        3.9060       -3.8540       -0.8650 
   1   H15        5.1650       -2.9310       -0.0770 
   1   H16        3.7710       -3.3900        9.0450 
   1   H17        4.5010       -4.5920        8.0040 

