Run semi-empirical minimization
 &qmmm
    qm_theory='AM1', grms_tol=0.0005,
 scfconv=1.d-10, ndiis_attempts=700,   qmcharge=2,
 /
   6    C1       -8.4490       -7.0880       20.3190 
   6    C2       -7.6950       -8.2770       20.3280 
   6    C3       -7.8140       -5.8580       20.5740 
   6    C4       -4.3790       -4.5890       21.2480 
   6    C5       -3.6920       -5.8250       21.2790 
   6    C6       -1.6040       -4.6610       21.7440 
   6    C7       -1.6000       -2.2390       22.0390 
   6    C8       -1.6590        0.1950       22.2830 
   6    C9       -3.7430        1.3860       21.8860 
   6   C10       -4.3830        0.1760       21.5850 
   6   C11       -6.3240       -8.2380       20.6240 
   6   C12       -2.3060       -5.8540       21.5090 
   6   C13       -2.3830        1.4010       22.2380 
   7    N1       -4.3560       -6.9790       21.0770 
   6   C14       -5.7640       -4.5900       20.9900 
   6   C15       -6.4270       -5.8140       20.8080 
   7    N2      -10.2030       -6.9620       18.6310 
   6   C16       -5.6820       -7.0100       20.8470 
   6   C17      -11.3820       -6.2370       18.1840 
   6   C18      -11.4410       -6.2030       16.6530 
   7    N3       -1.5670        2.8040       24.0320 
   6   C19      -12.6520       -5.3940       16.1820 
   6   C20       -1.7120        2.7110       22.5890 
   6   C21       -2.6810        3.1960       24.8810 
   6   C22       -3.4120        1.9700       25.4440 
   6   C23       -2.4770        1.0390       26.2240 
   6   C24       -9.9400       -7.1340       20.0500 
   6   C25       -2.2870       -3.4320       21.7500 
   6   C26       -3.6710       -3.3870       21.4670 
   6   C27       -2.3040       -1.0230       21.9990 
   6   C28       -3.6740       -1.0330       21.6610 
   7    N4       -4.3050       -2.1960       21.4160 
   1    H1       -8.1720       -9.2200       20.1070 
   1    H2       -8.3910       -4.9450       20.5900 
   1    H3       -0.5390       -4.6870       21.9200 
   1    H4       -0.5490       -2.2670       22.2860 
   1    H5       -0.6090        0.2050       22.5350 
   1    H6       -4.2950        2.3130       21.8480 
   1    H7       -5.4230        0.1730       21.2940 
   1    H8       -5.7580       -9.1560       20.6810 
   1    H9       -1.7780       -6.7960       21.5050 
   1   H10       -6.3040       -3.6560       20.9340 
   1   H11       -9.3860       -6.5610       18.1930 
   1   H12      -10.1860       -7.8670       18.1830 
   1   H13      -11.3490       -5.2180       18.5690 
   1   H14      -12.2770       -6.7250       18.5710 
   1   H15      -11.5130       -7.2210       16.2700 
   1   H16      -10.5290       -5.7500       16.2650 
   1   H17       -0.7740        3.3930       24.2420 
   1   H18       -1.1840        1.9360       24.3780 
   1   H19      -12.6790       -5.3800       15.0920 
   1   H20      -13.5650       -5.8520       16.5610 
   1   H21      -12.5750       -4.3730       16.5560 
   1   H22       -2.3240        3.5390       22.2310 
   1   H23       -0.7280        2.7520       22.1220 
   1   H24       -3.3800        3.8030       24.3050 
   1   H25       -2.3120        3.8080       25.7040 
   1   H26       -3.8750        1.4170       24.6270 
   1   H27       -4.2220        2.2990       26.0950 
   1   H28       -3.0430        0.1870       26.6010 
   1   H29       -1.6840        0.6840       25.5650 
   1   H30       -2.0380        1.5820       27.0610 
   1   H31      -10.4340       -6.3400       20.6100 
   1   H32      -10.3390       -8.0930       20.3790 

