Run semi-empirical minimization
 &qmmm
    qm_theory='AM1', grms_tol=0.0005,
 scfconv=1.d-10, ndiis_attempts=700,   qmcharge=1,
 /
   8    O1        8.5280       19.9400       13.7650 
   6    C1        8.4790       20.7340       12.6180 
   6    C2        8.4590       22.2650       10.2290 
   6    C3        7.2730       21.2120       12.0560 
   6    C4        7.2490       21.9740       10.8670 
   6    C5        9.6710       21.0390       11.9780 
   6    C6        9.6410       21.7890       10.8020 
   6    C7        8.5350       23.0100        9.0330 
   7    N1        9.6480       23.0860        8.2120 
   6    C8        9.4110       23.9600        7.2130 
   6    C9        8.1370       24.3870        7.3700 
   7    N2        7.5930       23.7530        8.4850 
   6   C10        7.5780       25.2120        6.3970 
   6   C11        8.3390       25.6750        5.3240 
   6   C12        9.6430       25.2330        5.1520 
   6   C13       10.1680       24.3260        6.0840 
   6   C14       10.3650       25.7170        4.0460 
   7    N3       11.5160       25.1530        3.5330 
   6   C15       11.9170       25.8690        2.4590 
   6   C16       11.0260       26.8700        2.2940 
   7    N4       10.0760       26.7720        3.3040 
   6   C17       11.0760       27.6110        1.1200 
   6   C18       12.0980       27.3790        0.1930 
   6   C19       13.0490       26.3610        0.3310 
   6   C20       12.8920       25.5830        1.4930 
   7    N5       13.9680       26.0810       -0.6420 
   6   C21       13.6040       26.3090       -2.0390 
   6   C22       14.8130       26.2160       -2.9330 
   7    N6       15.6230       25.0030       -2.8580 
   6   C23       16.0210       24.9260       -1.4640 
   6   C24       14.9310       24.9950       -0.4460 
   6   C25       16.8050       25.1490       -3.7020 
   1    H1        9.4420       19.7300       13.9700 
   1    H2        6.3300       20.9970       12.5380 
   1    H3        6.3190       22.3310       10.4490 
   1    H4       10.6080       20.6970       12.3910 
   1    H5       10.5910       21.9970       10.3320 
   1    H6       10.4660       22.5290        8.4170 
   1    H7        6.5400       25.5030        6.4670 
   1    H8        7.9140       26.3790        4.6240 
   1    H9       11.1530       23.9080        5.9360 
   1   H10       11.9140       24.3330        3.9680 
   1   H11       10.3270       28.3640        0.9240 
   1   H12       12.1820       28.0020       -0.6850 
   1   H13       13.5550       24.7410        1.6270 
   1   H14       13.1530       27.2960       -2.1400 
   1   H15       12.8670       25.5680       -2.3480 
   1   H16       15.4510       27.0830       -2.7630 
   1   H17       14.5070       26.3780       -3.9660 
   1   H18       15.0850       24.1910       -3.1260 
   1   H19       16.7550       25.7050       -1.2570 
   1   H20       16.6020       24.0170       -1.3070 
   1   H21       14.4010       24.0430       -0.4200 
   1   H22       15.3710       25.0780        0.5480 
   1   H23       17.4080       24.2430       -3.6440 
   1   H24       16.4970       25.3140       -4.7340 
   1   H25       17.3950       25.9990       -3.3590 

