Run semi-empirical minimization
 &qmmm
    qm_theory='AM1', grms_tol=0.0005,
 scfconv=1.d-10, ndiis_attempts=700,   qmcharge=2,
 /
   6    C1       29.5090       36.3510       32.7420 
   6    C2       26.4000       32.6120       29.6630 
   6    C3       25.6350       31.6380       28.9990 
   6    C4       25.0220       30.5870       29.7060 
   6    C5       28.6760       31.6790       37.6330 
   6    C6       26.4130       32.1280       36.0530 
   6    C7       25.8750       29.5070       41.0790 
   6    C8       29.3750       27.0190       40.0190 
   6    C9       29.6840       27.7740       38.7190 
   6   C10       28.3950       27.1800       42.2280 
   6   C11       28.5290       34.4960       34.0980 
   6   C12       27.7640       33.2670       34.3090 
   6   C13       27.6630       32.5920       35.5960 
   6   C14       28.7960       32.3200       36.3870 
   6   C15       27.4200       31.2410       38.1110 
   6   C16       27.3370       30.6100       39.3920 
   8    O1       28.3200       30.4620       40.1200 
   7    N1       26.1460       30.1500       39.7920 
   6   C17       25.7700       27.9840       40.9120 
   6   C18       26.9830       27.3090       40.2360 
   7    N2       28.3040       27.6590       40.8270 
   6   C19       29.5150       27.8740       43.0150 
   6   C20       26.2910       31.4530       37.2810 
   6   C21       27.1260       32.7200       33.2030 
   6   C22       27.2380       33.3740       32.0140 
   6   C23       26.5370       32.5520       31.0720 
   6   C24       25.9710       31.4310       31.7670 
   7    N3       26.3860       31.5640       33.0880 
   6   C25       25.1920       30.4690       31.0990 
   6   C26       24.5560       29.3230       31.8560 
   7    N4       27.8730       34.5970       31.7680 
   6   C27       27.6920       35.2840       30.4630 
   6   C28       28.6610       35.1970       32.8050 
   6   C29       29.8860       37.0990       31.4680 
   6   C30       30.0980       36.8750       33.9020 
   6   C31       29.8920       36.2820       35.1410 
   6   C32       29.1240       35.1200       35.2300 
   1    H1       26.8790       33.3990       29.0990 
   1    H2       25.5090       31.6880       27.9270 
   1    H3       24.4160       29.8640       29.1800 
   1    H4       29.5520       31.5140       38.2420 
   1    H5       25.5270       32.2880       35.4570 
   1    H6       24.9410       29.8930       41.4880 
   1    H7       26.6780       29.7410       41.7780 
   1    H8       30.2830       26.9420       40.6170 
   1    H9       29.0870       25.9950       39.7830 
   1   H10       30.4740       27.2550       38.1760 
   1   H11       28.7870       27.8170       38.1010 
   1   H12       30.0110       28.7870       38.9550 
   1   H13       28.5630       26.1030       42.2330 
   1   H14       27.4420       27.3470       42.7300 
   1   H15       29.7690       32.6130       36.0220 
   1   H16       25.3430       30.2340       39.1860 
   1   H17       24.8660       27.7440       40.3520 
   1   H18       25.5990       27.5260       41.8860 
   1   H19       26.9870       27.5540       39.1740 
   1   H20       26.8530       26.2270       40.2590 
   1   H21       28.4240       28.6620       40.8080 
   1   H22       29.5380       27.4870       44.0340 
   1   H23       30.4730       27.6810       42.5320 
   1   H24       29.3310       28.9480       43.0390 
   1   H25       25.3270       31.0880       37.6030 
   1   H26       26.2320       30.9810       33.8980 
   1   H27       24.8010       29.4060       32.9150 
   1   H28       23.4740       29.3600       31.7300 
   1   H29       24.9340       28.3770       31.4690 
   1   H30       28.2600       36.2140       30.4600 
   1   H31       28.0480       34.6390       29.6600 
   1   H32       26.6350       35.5030       30.3110 
   1   H33       30.5410       37.9340       31.7170 
   1   H34       30.4040       36.4220       30.7880 
   1   H35       28.9840       37.4760       30.9870 
   1   H36       30.7230       37.7530       33.8410 
   1   H37       30.3250       36.7200       36.0280 
   1   H38       28.9900       34.6950       36.2140 

