Run semi-empirical minimization
 &qmmm
    qm_theory='AM1', grms_tol=0.0005,
 scfconv=1.d-10, ndiis_attempts=700,   qmcharge=0,
 /
   8    O1        7.0980        4.9720        6.8730 
   6    C1        5.9110        4.7000        6.7010 
   6    C2        4.8120        5.6950        7.0800 
   7    N1        5.4780        3.5640        6.1400 
   6    C3        4.2320        2.9040        6.5570 
   6    C4        4.4140        1.5260        6.5100 
   6    C5        5.7850        1.4170        6.7160 
   6    C6        3.1280        3.3010        5.5900 
   6    C7        1.7660        3.1120        6.2390 
   6    C8        1.3530        1.7970        6.0740 
   6    C9       -0.0350        1.7220        6.1140 
   6   C10       -0.6580        0.4840        6.2110 
   6   C11        0.1060       -0.6720        6.2910 
   6   C12        1.4910       -0.5910        6.2100 
   8    O2        2.1980       -1.6400        6.7080 
   6   C13        2.1320       -1.6260        8.1370 
   8    O3       -0.4780       -1.8400        5.9110 
   6   C14       -1.3880       -2.2840        6.9200 
   8    O4       -2.0100        0.3500        6.2740 
   6   C15       -2.5020        1.1070        7.3820 
   6   C16        2.1270        0.6420        6.0910 
   6   C17        3.5170        0.5560        6.0840 
   6   C18        3.8020       -0.5790        5.3340 
   6   C19        5.0210       -1.2440        5.2680 
   6   C20        6.2730       -0.7900        5.6680 
   6   C21        6.6340        0.4140        6.2640 
   8    O5        7.8320        0.6150        6.4470 
   8    O6        7.3300       -1.6250        5.4900 
   6   C22        7.5670       -2.3450        6.7020 
   1    H1        3.8370        5.2650        6.8500 
   1    H2        4.8700        5.9120        8.1460 
   1    H3        4.9450        6.6170        6.5140 
   1    H4        6.0130        3.1290        5.4020 
   1    H5        3.9690        3.2110        7.5690 
   1    H6        6.3070        2.1710        7.2870 
   1    H7        3.1920        2.6840        4.6930 
   1    H8        3.2530        4.3460        5.3060 
   1    H9        1.0440        3.7810        5.7700 
   1   H10        1.8360        3.3400        7.3030 
   1   H11       -0.6260        2.6250        6.0700 
   1   H12        2.6990       -2.4670        8.5360 
   1   H13        2.5540       -0.6940        8.5120 
   1   H14        1.0920       -1.7060        8.4540 
   1   H15       -1.8510       -3.2200        6.6060 
   1   H16       -0.8480       -2.4410        7.8540 
   1   H17       -2.1610       -1.5300        7.0710 
   1   H18       -3.5860        1.0050        7.4400 
   1   H19       -2.0530        0.7370        8.3040 
   1   H20       -2.2430        2.1570        7.2490 
   1   H21        3.0340       -1.0300        4.7230 
   1   H22        5.0690       -2.2450        4.8640 
   1   H23        8.4140       -3.0170        6.5660 
   1   H24        7.7870       -1.6420        7.5060 
   1   H25        6.6810       -2.9250        6.9600 

