Run semi-empirical minimization
 &qmmm
    qm_theory='AM1', grms_tol=0.0005,
 scfconv=1.d-10, ndiis_attempts=700,   qmcharge=2,
 /
   7    N1       14.5840       23.9330        1.2930 
   7    N2       13.8630       25.9510        0.6500 
   6    C1       13.7960       24.9180        1.3790 
   7    N3       12.8490       24.9540        2.2280 
   6    C2       12.5340       23.9450        3.1630 
   6    C3       11.4450       24.5340        4.0710 
   8    O1       11.0870       25.7190        4.0110 
   7    N4       11.0130       23.6070        4.8860 
   6    C4       10.0010       23.8500        5.7880 
   7    N5        8.2540       24.5530        6.9020 
   6    C5        8.7130       23.4460        7.4590 
   6    C6        9.0590       24.8240        5.8340 
   6    C7        7.1270       25.4090        7.2800 
   7    N6        9.7870       22.9590        6.7820 
   6    C8        8.0570       22.8730        8.6320 
   8    O2        7.0050       23.2890        9.0900 
   7    N7        8.6990       21.8170        9.0960 
   6    C9        8.1220       21.1530       10.2570 
   6   C10        8.9100       20.4900       11.1910 
   6   C11        8.0090       19.9720       12.1530 
   6   C12        6.8250       21.0870       10.6410 
   7    N8        6.7380       20.3800       11.7950 
   6   C13        5.4190       20.2270       12.3190 
   6   C14        8.4300       19.2220       13.3200 
   8    O3        7.6940       18.7860       14.2210 
   7    N9        9.7590       19.0140       13.3930 
   6   C15       10.4240       18.3340       14.5130 
   6   C16        9.6960       17.2350       15.1760 
   6   C17       10.5850       16.6070       16.2700 
   7   N10       10.0640       16.2810       17.4440 
   7   N11       11.8420       16.4340       15.9850 
   1    H1       14.4710       23.1400        1.9090 
   1    H2       15.3270       23.9390        0.6080 
   1    H3       13.1980       26.7010        0.7750 
   1    H4       14.5810       26.0250       -0.0560 
   1    H5       12.2410       25.7590        2.2730 
   1    H6       13.4170       23.7150        3.7590 
   1    H7       12.1370       23.0760        2.6380 
   1    H8       11.4230       22.6840        4.8640 
   1    H9        9.0610       25.6130        5.0960 
   1   H10        7.0510       26.2410        6.5800 
   1   H11        6.2050       24.8280        7.2550 
   1   H12        7.2850       25.7960        8.2870 
   1   H13        9.5490       21.5050        8.6480 
   1   H14        9.9830       20.4630       11.0700 
   1   H15        6.0600       21.5610       10.0440 
   1   H16        4.7090       20.7420       11.6720 
   1   H17        5.1660       19.1680       12.3640 
   1   H18        5.3740       20.6540       13.3210 
   1   H19       10.3620       19.3330       12.6480 
   1   H20       10.7130       19.0740       15.2600 
   1   H21       11.3970       17.9710       14.1840 
   1   H22        9.4360       16.4750       14.4390 
   1   H23        8.7840       17.6250       15.6290 
   1   H24       10.6470       15.8700       18.1590 
   1   H25        9.0840       16.4430       17.6240 
   1   H26       12.4630       16.0260       16.6690 
   1   H27       12.1970       16.7070       15.0800 

